	Gene	baseMean	log2FoldChange	lfcSE	stat	pvalue	padj
0	MIDN	3163.631548	1.858557253	0.127962298	14.52425667	8.509999999999999e-48	2.3700000000000003e-43
1	TPM4	2049.43928	2.752278604	0.202583666	13.58588605	4.859999999999999e-42	6.749999999999999e-38
2	CBARP	63433.7847	2.191477281	0.168567091	13.00062346	1.21e-38	1.13e-34
3	PLK3	2526.375584	1.255335097	0.101327551	12.3888822	3e-35	2.09e-31
4	KCTD21	13796.41532	-0.852129066	0.070826193	-12.03127019	2.43e-33	1.35e-29
5	TRIB1	1832.691473	1.288449005	0.11203277	11.50064398	1.3099999999999999e-30	6.0700000000000006e-27
6	FOS	3652.98007	2.327918179	0.20843887	11.16834965	5.830000000000001e-29	1.8e-25
7	EED	6545.74826	0.471604771	0.04276395	11.02809193	2.8e-28	7.78e-25
8	SMC5	20062.23112	0.372524871	0.034602403	10.76586722	4.990000000000001e-27	9.91e-24
9	CREBRF	8684.069779	-0.790791	0.074031018	-10.68188747	1.2400000000000001e-26	2.1499999999999997e-23
10	ACTB	163253.4763	0.998136491	0.095837995	10.41483064	2.12e-25	3.47e-22
11	SH3RF2	12704.42996	0.76931963	0.074439823	10.33478593	4.91e-25	7.58e-22
12	ZNF346	9542.933396	0.470417012	0.046743866	10.0637165	7.989999999999999e-24	9.260000000000001e-21
13	NUDT3	463.8468637	-28.62299733	2.925180515	-9.785036234	1.31e-22	1.4e-19
14	DEGS1	9176.211744	0.795276374	0.083092177	9.57101382	1.0600000000000001e-21	1.05e-18
15	EIF3A	240.2384394	-27.458921	2.925200077	-9.387023204	6.170000000000001e-21	5.54e-18
16	LARS1	20498.39699	0.450502924	0.048009802	9.383561421	6.3800000000000005e-21	5.54e-18
17	PRRG3	2553.184592	1.294089225	0.138530633	9.34153838	9.49e-21	7.77e-18
18	ACTG1	161199.9535	0.895108424	0.099174398	9.025599783	1.79e-19	1.31e-16
19	DESI1	81.48516147	-26.2278109	2.925279161	-8.965917254	3.08e-19	2.14e-16
20	CNN2	710.1331381	2.23440706	0.257985917	8.660965257	4.68e-18	2.46e-15
21	MAFF	6273.703778	0.797612479	0.09255566	8.617652105	6.83e-18	3.52e-15
22	TRAF2	36.82669184	-25.16199711	2.925424265	-8.601144599	7.89e-18	3.72e-15
23	DUSP4	385.6924023	1.618595249	0.188490631	8.587138985	8.92e-18	4.13e-15
24	BDNF	208.4714755	1.835222511	0.214920135	8.539090632	1.35e-17	6.17e-15
25	ING2	4051.230076	0.420629925	0.04947178	8.502421428	1.86e-17	8.2e-15
26	PTPN9	10820.93409	0.745812532	0.087916458	8.483195837	2.19e-17	9.52e-15
27	ALG5	2995.56181	0.476541415	0.056351693	8.456558987	2.75e-17	1.11e-14
28	ELMOD2	26.86812824	-24.73111665	2.92552238	-8.453572878	2.83e-17	1.12e-14
29	PSMD10	44.49928304	24.65963044	2.925378578	8.429551864	3.47e-17	1.32e-14
30	LONRF1	11046.43592	-0.46261277	0.054993118	-8.412193891	4.02e-17	1.51e-14
31	SEC61A1	43.81765626	24.59810333	2.925382033	8.408509745	4.15e-17	1.54e-14
32	PANK2	67.07367749	24.59046199	2.92530472	8.406119823	4.24e-17	1.54e-14
33	TRMT9B	37.81518298	24.42493411	2.925417452	8.349213236	6.87e-17	2.42e-14
34	TMEM116	570.7813479	1.758371734	0.214585128	8.194285168	2.52e-16	7.97e-14
35	LRRTM1	15.27398231	-23.9547247	2.925797838	-8.187416228	2.67e-16	8.34e-14
36	CASZ1	728.8247528	-0.842497702	0.103063409	-8.174556916	2.97e-16	9.11e-14
37	HEATR5B	14.8654228	-23.9159917	2.925815586	-8.174128205	2.98e-16	9.11e-14
38	IPO9	70.95773305	23.76426507	2.925296675	8.1237111	4.52e-16	1.35e-13
39	CAND1	13.39420261	-23.75185101	2.925887282	-8.117828448	4.75e-16	1.4e-13
40	RALGAPA2	12.39529144	-23.64427222	2.92594612	-8.080898024	6.43e-16	1.81e-13
41	PAK1IP1	3840.178733	0.519319431	0.064627606	8.035566573	9.31e-16	2.54e-13
42	PIM3	15823.98563	0.80546593	0.100564476	8.009447906	1.15e-15	3.11e-13
43	ARC	13747.73821	2.077425194	0.259537949	8.004321521	1.2e-15	3.15e-13
44	THRAP3	9.565815951	-23.32546394	2.926178887	-7.971304847	1.57e-15	4.01e-13
45	KIFBP	16.27817287	-23.27273943	2.925758305	-7.954429932	1.8e-15	4.54e-13
46	MAP2K5	14.22424285	23.06368038	2.925846379	7.882737981	3.2e-15	7.88e-13
47	KLHL1	16.76840045	23.02077667	2.92574189	7.868355285	3.59e-15	8.77e-13
48	MNT	13.18936911	22.96216143	2.925900389	7.847895818	4.23e-15	1.02e-12
49	RRP15	12.98938565	22.91228909	2.925911581	7.830820738	4.85e-15	1.14e-12
50	MAML1	12.63437717	22.90110424	2.925932758	7.826941402	5e-15	1.15e-12
51	TMEM183A	12.66418922	22.90464744	2.925931048	7.82815694	4.95e-15	1.15e-12
52	SLF2	8089.224806	-0.320221177	0.041035647	-7.80348802	6.02e-15	1.36e-12
53	EMP2	12.54937449	22.79024348	2.925937991	7.789038439	6.75e-15	1.51e-12
54	BCO1	11.28501991	22.74387839	2.926025289	7.772960295	7.67e-15	1.68e-12
55	NXT2	2622.598133	-0.613386044	0.079320665	-7.732991677	1.05e-14	2.26e-12
56	DNAJB5	7228.317629	2.001745622	0.258883384	7.732229055	1.06e-14	2.26e-12
57	SPRED2	13524.03377	0.460925012	0.059715433	7.71869164	1.18e-14	2.5e-12
58	TMEM97	3661.008876	0.743036942	0.096414539	7.706689741	1.29e-14	2.72e-12
59	SFN	73.09296022	2.567882206	0.336618758	7.628458432	2.38e-14	4.9e-12
60	CDK19	10711.7013	-0.450858523	0.059213163	-7.614160503	2.65e-14	5.43e-12
61	EIF2AK3	7189.872924	-0.489638944	0.064780289	-7.558455725	4.08e-14	7.99e-12
62	SEC14L5	11.87759025	-22.08966681	2.925980573	-7.549491959	4.37e-14	8.5e-12
63	PTPRR	2683.837986	-0.423028019	0.056466211	-7.491701901	6.8e-14	1.28e-11
64	RBM5	28141.50531	-0.902715979	0.120973449	-7.462100044	8.52e-14	1.58e-11
65	TNFRSF6B	902.1097547	3.290317853	0.441196562	7.457714168	8.8e-14	1.61e-11
66	MAGI3	10528.06911	-0.317279921	0.042556425	-7.455511616	8.95e-14	1.63e-11
67	EGR2	6959.982547	2.810568046	0.377819052	7.438926214	1.02e-13	1.82e-11
68	SRF	15761.45048	1.202133598	0.161821709	7.428753575	1.1e-13	1.92e-11
69	AR	184.1332904	2.224188358	0.301484015	7.377466943	1.61e-13	2.74e-11
70	PLCXD3	983.8698258	-0.675900944	0.091642767	-7.375387766	1.64e-13	2.76e-11
71	SHC4	1931.060401	0.739789072	0.100555031	7.357056767	1.88e-13	3.15e-11
72	SRP72	16010.98932	0.258493431	0.035169508	7.349930206	1.98e-13	3.3e-11
73	FEM1C	8648.855431	-0.24627279	0.033563397	-7.337540738	2.18e-13	3.6e-11
74	FBXO28	4214.59661	0.301658861	0.041282147	7.307247371	2.73e-13	4.44e-11
75	ETV5	4477.942265	0.939352825	0.129615938	7.247201562	4.25e-13	6.72e-11
76	RSL1D1	5882.166226	0.5795789	0.080083919	7.237144602	4.58e-13	7.16e-11
77	DNAJC13	12247.81694	-0.40293193	0.055843002	-7.21544175	5.38e-13	8.31e-11
78	HYAL2	203.2087861	0.702428736	0.098495427	7.131587268	9.92e-13	1.48e-10
79	CREB3L1	899.7216471	0.647514073	0.091046159	7.111931832	1.14e-12	1.69e-10
80	H3F3B	31196.74626	0.326326616	0.046080825	7.081614039	1.42e-12	2.08e-10
81	FAF2	14287.43574	0.262722757	0.037374797	7.029409634	2.07e-12	2.97e-10
82	NIPA2	4887.914372	0.310458182	0.044250909	7.015859927	2.29e-12	3.26e-10
83	BYSL	1777.887462	0.729560808	0.104507927	6.9809136	2.93e-12	4.12e-10
84	SREBF1	3716.633212	0.557861952	0.079953676	6.977314642	3.01e-12	4.16e-10
85	ATAD5	1280.10721	-0.481965743	0.069376566	-6.947097096	3.73e-12	5.04e-10
86	ARPC2	60913.67722	0.520561036	0.074973168	6.943297842	3.83e-12	5.12e-10
87	ADNP2	6968.978904	-0.259858333	0.037593456	-6.912328951	4.77e-12	6.23e-10
88	CMTR2	1306.862326	-0.445908886	0.065128157	-6.846637547	7.56e-12	9.74e-10
89	LRRC75A	1227.803911	-1.007259006	0.147244456	-6.840726168	7.88e-12	1.01e-09
90	ZMYND19	3157.074302	0.50998276	0.075200143	6.781672767	1.19e-11	1.47e-09
91	SREK1IP1	1125.750247	0.656949352	0.097205457	6.758358789	1.4e-11	1.7e-09
92	CENPM	592.9779953	-0.715965024	0.106020348	-6.753090657	1.45e-11	1.75e-09
93	IRS4	8781.342873	-0.317075494	0.046980748	-6.749051602	1.49e-11	1.79e-09
94	PTPN2	10692.4103	0.348034046	0.05163218	6.740642166	1.58e-11	1.88e-09
95	IRS2	261.0342773	1.449839374	0.218229642	6.643640892	3.06e-11	3.47e-09
96	NPTX2	10504.57792	1.566507312	0.236030174	6.636894282	3.2e-11	3.61e-09
97	IAPP	1861.678021	1.522398023	0.231027832	6.589673681	4.41e-11	4.85e-09
98	ZNF236	7311.973555	-0.340944538	0.051744386	-6.58901505	4.43e-11	4.85e-09
99	SGK1	29814.26264	-0.398510719	0.060549214	-6.58160021	4.65e-11	5.07e-09
100	TAF4	2778.896766	-0.274539914	0.041764709	-6.573490395	4.91e-11	5.32e-09
101	TSC22D3	13568.9729	-0.512779753	0.078514589	-6.531012354	6.53e-11	7e-09
102	SHC3	1673.302718	2.08920825	0.319901229	6.530791579	6.54e-11	7e-09
103	TENT5D	2008.441279	0.765829932	0.117448157	6.520578534	7e-11	7.41e-09
104	KLHL25	11717.91107	1.048948318	0.161079391	6.511995789	7.42e-11	7.78e-09
105	PSMA2	15272.70552	0.413479517	0.063519258	6.509514246	7.54e-11	7.88e-09
106	NPM1	41513.87086	0.23961626	0.036874465	6.498162396	8.13e-11	8.41e-09
107	DUSP6	7720.392626	1.366046054	0.210414799	6.49215767	8.46e-11	8.72e-09
108	EME1	4427.075372	1.562587244	0.241344281	6.474515309	9.51e-11	9.69e-09
109	PLEKHF2	1726.069759	-0.6224657	0.096182001	-6.47174829	9.69e-11	9.84e-09
110	GGA1	19683.9619	0.276052667	0.043135883	6.399606211	1.56e-10	1.51e-08
111	PRELID1	8030.652013	0.274082555	0.043307859	6.328702437	2.47e-10	2.33e-08
112	NOP2	6560.994996	0.452122981	0.071698172	6.305920613	2.86e-10	2.67e-08
113	ZBTB2	2415.412977	0.32247968	0.051450482	6.267767875	3.66e-10	3.33e-08
114	DCTN5	7081.662943	0.23488627	0.037648834	6.23887238	4.41e-10	3.95e-08
115	USP4	21190.70929	-0.224594951	0.036022454	-6.234859874	4.52e-10	4.04e-08
116	UBTD1	4791.52849	0.734439342	0.117962455	6.226043209	4.78e-10	4.25e-08
117	CCT8	14794.87914	0.442367962	0.071275864	6.206420187	5.42e-10	4.77e-08
118	SETD6	1368.314996	0.421426457	0.068028498	6.194851745	5.83e-10	5.1e-08
119	UBE2QL1	38062.03254	0.292948376	0.047560506	6.15948826	7.3e-10	6.32e-08
120	TBC1D15	5812.736182	-0.335884181	0.054616411	-6.149876456	7.75e-10	6.68e-08
121	PCSK1	33259.08647	0.693041369	0.112807114	6.143596286	8.07e-10	6.91e-08
122	RGS20	1264.678105	1.614690134	0.266109082	6.067775362	1.3e-09	1.07e-07
123	CCDC85C	8596.970817	-0.664363371	0.109720685	-6.055042146	1.4e-09	1.15e-07
124	BZW2	51618.95219	0.681062891	0.113074151	6.023152811	1.71e-09	1.38e-07
125	EMG1	271.0503068	0.504205964	0.084032124	6.000157301	1.97e-09	1.57e-07
126	H1-10	21531.41523	-0.548316959	0.09147778	-5.993990672	2.05e-09	1.63e-07
127	XBP1	12012.61383	0.484729536	0.080905887	5.991276455	2.08e-09	1.65e-07
128	SCAF8	7186.361082	0.562553742	0.094029373	5.982744765	2.19e-09	1.73e-07
129	FGF12	25124.952	0.438764197	0.073382192	5.979164483	2.24e-09	1.76e-07
130	CDK8	3298.985295	0.283774219	0.04749686	5.97458907	2.31e-09	1.8e-07
131	SRRM4	2971.405962	0.784101734	0.131429981	5.965927464	2.43e-09	1.88e-07
132	PARD6A	4554.285314	0.743254189	0.12476081	5.95743318	2.56e-09	1.98e-07
133	TWNK	850.2236661	0.777095043	0.130812667	5.940518306	2.84e-09	2.18e-07
134	TRIAP1	1357.273525	0.404231843	0.068274417	5.920692694	3.21e-09	2.41e-07
135	XPO4	2887.010186	-0.359395799	0.061096307	-5.882447159	4.04e-09	3.01e-07
136	DRG1	10569.58043	0.246739517	0.042080799	5.863470276	4.53e-09	3.35e-07
137	ATAD3A	14043.38438	0.271014508	0.046289	5.854836127	4.77e-09	3.51e-07
138	DLG3	1709.872662	1.653446428	0.282375901	5.855479948	4.76e-09	3.51e-07
139	PLA2G12A	568.1372981	3.856969916	0.659898851	5.844789559	5.07e-09	3.7e-07
140	ALKBH3	2469.809932	-0.69533977	0.119352517	-5.825932995	5.68e-09	4.11e-07
141	STUB1	28364.68985	0.297182718	0.051008151	5.82618091	5.67e-09	4.11e-07
142	NOP16	4075.739854	0.419049916	0.072119815	5.810468556	6.23e-09	4.49e-07
143	NAMPT	18316.15596	0.372251689	0.064131713	5.8044869	6.46e-09	4.64e-07
144	MAK16	5337.440286	0.529420193	0.091251322	5.801781053	6.56e-09	4.7e-07
145	DGKI	13946.41421	1.316026975	0.228021347	5.771507754	7.86e-09	5.55e-07
146	JOSD1	1010.741272	-0.52106582	0.090330064	-5.768465074	8e-09	5.63e-07
147	TMEM168	2682.02196	-0.396149938	0.068749732	-5.762203372	8.3e-09	5.83e-07
148	WNT2	121.5383475	-1.131108501	0.19663906	-5.752206604	8.81e-09	6.17e-07
149	PIK3IP1	5272.34195	-0.604104295	0.10524856	-5.7397868	9.48e-09	6.58e-07
150	GREB1L	1635.731501	-1.396904807	0.243565011	-5.73524417	9.74e-09	6.72e-07
151	GRK7	4778.771274	-0.366947863	0.064179965	-5.717483084	1.08e-08	7.43e-07
152	CXCL14	57311.95233	1.324461605	0.231732264	5.715482099	1.09e-08	7.5e-07
153	SCG2	47833.56619	0.639187886	0.112138758	5.699972922	1.2e-08	8.11e-07
154	OSTM1	13106.2534	-0.294762122	0.051742472	-5.696715136	1.22e-08	8.21e-07
155	PLEKHM3	4291.890398	-0.649797544	0.11405629	-5.697165356	1.22e-08	8.21e-07
156	KLF5	769.6381556	-1.250542373	0.219609609	-5.694388245	1.24e-08	8.3e-07
157	BRCA2	1693.243745	-0.579365943	0.102239017	-5.666779256	1.46e-08	9.52e-07
158	SLITRK2	3209.869468	0.790092745	0.139507715	5.663434055	1.48e-08	9.69e-07
159	SFPQ	61181.89595	0.604476499	0.106866689	5.65636033	1.55e-08	9.96e-07
160	ITPKA	124027.6777	0.57423592	0.101865801	5.637180652	1.73e-08	1.11e-06
161	COBLL1	88.04692016	4.327472287	0.768038306	5.634448511	1.76e-08	1.12e-06
162	NYX	430.874636	1.589055321	0.282473692	5.625498464	1.85e-08	1.17e-06
163	TRIM36	891.0591089	-0.44983871	0.080233674	-5.606607386	2.06e-08	1.28e-06
164	EPG5	5321.335254	-0.407195032	0.072938285	-5.582733815	2.37e-08	1.46e-06
165	ARPC1B	15366.5756	0.74860986	0.134994157	5.545498236	2.93e-08	1.78e-06
166	ERN2	487.5620225	-0.59325222	0.107308435	-5.52847703	3.23e-08	1.94e-06
167	PSTPIP2	191.6268039	-0.647673193	0.117335395	-5.519844996	3.39e-08	2.03e-06
168	NSD1	25038.46178	-0.341636814	0.061920259	-5.517367355	3.44e-08	2.06e-06
169	VEGFA	12764.29287	0.975218312	0.17803796	5.477586437	4.31e-08	2.54e-06
170	ENSTGUG00000018926	38.98604029	-2.974197499	0.543119571	-5.476137586	4.35e-08	2.56e-06
171	FH	12324.23215	0.308342568	0.05636249	5.470705194	4.48e-08	2.63e-06
172	TNIP2	1053.898636	-1.059868034	0.193923829	-5.465383177	4.62e-08	2.69e-06
173	ODC1	3949.636093	0.586506557	0.107369528	5.462504756	4.69e-08	2.73e-06
174	MCM5	480.0933824	-0.856723225	0.156894514	-5.460504659	4.75e-08	2.75e-06
175	SNX1	10832.70891	0.239637851	0.043967324	5.450362469	5.03e-08	2.9e-06
176	EDEM1	1564.882132	0.597383026	0.109666837	5.447253194	5.12e-08	2.94e-06
177	FANCL	845.9874302	-0.669407365	0.122977555	-5.443329589	5.23e-08	3e-06
178	TMEM11	3107.332854	0.223886921	0.04118723	5.435833451	5.45e-08	3.1e-06
179	NRP2	1193.711288	1.414656156	0.260895814	5.422303012	5.88e-08	3.33e-06
180	MED10	3285.28939	-0.37706517	0.069634558	-5.414914356	6.13e-08	3.45e-06
181	STYK1	135.6085306	-1.001075668	0.184926275	-5.413377137	6.18e-08	3.48e-06
182	DCUN1D5	15409.38608	0.388441027	0.072106271	5.387063047	7.16e-08	3.97e-06
183	ATXN7L1	6938.023198	-0.413843091	0.076854604	-5.384753381	7.25e-08	4.01e-06
184	KIAA1614	182.6060476	-0.880843356	0.163884943	-5.374766818	7.67e-08	4.22e-06
185	ABCG1	213.594512	4.038544216	0.753987125	5.356250901	8.5e-08	4.61e-06
186	ZSWIM6	4974.652253	0.422519197	0.07946501	5.317047027	1.05e-07	5.55e-06
187	ERICH1	573.4544047	-0.453511257	0.085328716	-5.314872655	1.07e-07	5.59e-06
188	TPGS2	3917.021666	-0.321478872	0.060537694	-5.31039175	1.09e-07	5.72e-06
189	ACTR3	48886.40594	0.587333416	0.110791693	5.301240579	1.15e-07	5.98e-06
190	TXNDC11	2590.503082	0.230083341	0.043488423	5.290680231	1.22e-07	6.29e-06
191	RARG	1000.897439	0.775766279	0.146996114	5.277461137	1.31e-07	6.72e-06
192	MLF1	10078.67903	0.468108447	0.088751783	5.274355436	1.33e-07	6.83e-06
193	CASP2	1375.720061	-0.323904817	0.061423957	-5.273265218	1.34e-07	6.85e-06
194	MRPS18A	6532.588073	0.431570837	0.081984492	5.264054531	1.41e-07	7.18e-06
195	PTPN14	193.6888187	-9.921074233	1.887950633	-5.254943671	1.48e-07	7.48e-06
196	HS3ST4	7747.200203	-0.598751835	0.114152616	-5.24518716	1.56e-07	7.85e-06
197	R3HDM1	30276.42935	0.742397591	0.141644737	5.24126492	1.59e-07	7.98e-06
198	ENSTGUG00000029596	75.7115393	-1.7232929	0.329732767	-5.226331967	1.73e-07	8.62e-06
199	POLR1C	1224.067986	0.347477631	0.066512472	5.224247768	1.75e-07	8.7e-06
200	UBN2	6694.744139	-0.415846788	0.079609759	-5.22356546	1.76e-07	8.72e-06
201	INIP	10069.61237	0.238282018	0.045852091	5.196753573	2.03e-07	9.95e-06
202	COG3	6610.312514	-0.232930304	0.044944996	-5.182563697	2.19e-07	1.07e-05
203	TAGLN2	2439.277195	1.211698798	0.234019552	5.17776737	2.25e-07	1.09e-05
204	ENSTGUG00000022147	129.9817797	-1.056888664	0.205249217	-5.149294499	2.61e-07	1.25e-05
205	RASD1	20369.41753	0.426113109	0.082887721	5.140847235	2.74e-07	1.3e-05
206	FNDC9	11172.81104	1.631423646	0.317659903	5.135755655	2.81e-07	1.32e-05
207	RMDN1	3477.085641	0.309108761	0.060303436	5.125889692	2.96e-07	1.39e-05
208	C7orf26	2968.888468	-0.280975719	0.054831496	-5.124348976	2.99e-07	1.4e-05
209	PRMT7	135.3868132	2.235393099	0.436516888	5.120977354	3.04e-07	1.42e-05
210	AIMP2	2143.130515	0.429658039	0.084124071	5.107432779	3.27e-07	1.51e-05
211	ALG2	1753.862055	0.29785881	0.058366847	5.10321914	3.34e-07	1.54e-05
212	LHX9	279.8804067	-0.692983225	0.13616801	-5.089177904	3.6e-07	1.65e-05
213	CWC27	21265.13091	0.206598499	0.040617627	5.086424687	3.65e-07	1.67e-05
214	PTPN21	3214.463032	-0.376089762	0.074015006	-5.081263696	3.75e-07	1.71e-05
215	USP10	14001.60403	0.214814967	0.042451822	5.060206053	4.19e-07	1.9e-05
216	CHKA	6918.509338	-0.862670228	0.170789836	-5.051063036	4.39e-07	1.99e-05
217	ABRACL	1351.618369	0.483216144	0.095660794	5.051349922	4.39e-07	1.99e-05
218	TAF5	3658.178058	0.17076342	0.033862238	5.042886381	4.59e-07	2.06e-05
219	MAP3K7	178.2376344	2.812071275	0.557591174	5.043249256	4.58e-07	2.06e-05
220	SURF1	849.1587562	0.480260553	0.095212115	5.044111811	4.56e-07	2.06e-05
221	WRNIP1	2517.995019	-0.295453106	0.058642378	-5.038218381	4.7e-07	2.1e-05
222	CERT1	11853.6712	-0.781534414	0.155140346	-5.037596196	4.71e-07	2.1e-05
223	POU4F3	894.5282444	1.427005765	0.283627864	5.031260845	4.87e-07	2.17e-05
224	NRDC	54753.94572	0.137467099	0.027517104	4.995696491	5.86e-07	2.56e-05
225	PSMA6	6364.256075	0.268211932	0.053697228	4.994893444	5.89e-07	2.57e-05
226	GPN1	5871.101016	0.279030934	0.056160049	4.968495171	6.75e-07	2.91e-05
227	CHST3	1054.119702	0.70922689	0.142878648	4.963840977	6.91e-07	2.98e-05
228	RNFT1	1131.747649	-0.450503356	0.090836941	-4.959472983	7.07e-07	3.03e-05
229	EIF5B	46265.40644	0.318582637	0.064278053	4.95632056	7.18e-07	3.07e-05
230	PRKAR2A	15078.8398	0.33323905	0.067454634	4.940195091	7.8e-07	3.32e-05
231	HAPLN3	227.8628572	-1.04457162	0.212012077	-4.926943956	8.35e-07	3.55e-05
232	MCMBP	3761.636266	0.226257788	0.046094607	4.908552291	9.18e-07	3.88e-05
233	RMC1	3511.024729	-0.240569645	0.04904158	-4.905421967	9.32e-07	3.94e-05
234	CRELD2	11894.14168	0.522282115	0.10673723	4.893157857	9.92e-07	4.18e-05
235	LDHA	23142.29724	0.332486792	0.067958181	4.892520434	9.96e-07	4.18e-05
236	ABCC1	4927.457677	-0.501014788	0.102740968	-4.876484987	1.08e-06	4.51e-05
237	ASF1A	2788.131053	-0.690778698	0.141714025	-4.874455435	1.09e-06	4.55e-05
238	LRATD1	14009.57525	-0.853336356	0.175085324	-4.873831444	1.09e-06	4.56e-05
239	NPEPL1	2696.664497	-0.395466089	0.08126233	-4.866536438	1.14e-06	4.7e-05
240	BCAR1	15260.07955	0.666132537	0.136907118	4.865580008	1.14e-06	4.71e-05
241	KRT23	260.6669897	2.811666202	0.577847661	4.865756831	1.14e-06	4.71e-05
242	RASEF	1969.991781	-1.427586196	0.293484518	-4.864264079	1.15e-06	4.73e-05
243	DLG1	26283.8582	1.383922997	0.284618192	4.862384189	1.16e-06	4.77e-05
244	OSGEP	3594.188578	0.407769138	0.083888325	4.860856847	1.17e-06	4.8e-05
245	DYNC2I2	1181.774239	0.344178098	0.070848295	4.857958765	1.19e-06	4.85e-05
246	ERP29	32994.33884	0.640746465	0.132015773	4.85355993	1.21e-06	4.93e-05
247	MTNR1B	3460.721464	2.655928765	0.547415032	4.851764399	1.22e-06	4.96e-05
248	PLEKHA3	2660.930192	-0.221751602	0.045756859	-4.846302957	1.26e-06	5.07e-05
249	SLC25A46	16007.35281	-0.25675441	0.053007215	-4.843763484	1.27e-06	5.12e-05
250	SNX12	1110.46976	1.669966989	0.34495585	4.841103546	1.29e-06	5.17e-05
251	HOMER1	4004.122395	1.162560002	0.240124405	4.84149041	1.29e-06	5.17e-05
252	MEMO1	5947.312159	0.204199167	0.042353107	4.821350398	1.43e-06	5.67e-05
253	FOXJ1	219.0046368	-1.119738699	0.232696093	-4.812021914	1.49e-06	5.92e-05
254	ACSBG2	1959.636524	0.653789744	0.136151924	4.80191337	1.57e-06	6.21e-05
255	ZFR	55832.7441	0.47855696	0.099790789	4.79560252	1.62e-06	6.38e-05
256	MRPL40	8014.277877	0.424262301	0.088633487	4.786704397	1.7e-06	6.61e-05
257	PJVK	66.36585499	-0.969301667	0.202689241	-4.782205813	1.73e-06	6.76e-05
258	MNS1	1953.157587	0.488905158	0.102247044	4.781606758	1.74e-06	6.77e-05
259	UBE2V2	15286.43238	0.225438955	0.047196281	4.776625394	1.78e-06	6.9e-05
260	SLC2A4RG	264.6318688	0.448567035	0.094230829	4.760300185	1.93e-06	7.41e-05
261	EIF3M	3198.095795	0.230220522	0.048397607	4.756857501	1.97e-06	7.5e-05
262	HEXD	1181.314558	-0.35870868	0.075396971	-4.757600657	1.96e-06	7.5e-05
263	FOSL2	674.3160063	2.718550518	0.571784224	4.75450424	1.99e-06	7.57e-05
264	TBC1D2B	6927.869362	-0.42189817	0.088861374	-4.747824061	2.06e-06	7.8e-05
265	FBXL3	2327.592304	-0.46696222	0.098421983	-4.744491079	2.09e-06	7.91e-05
266	GTF2B	3878.124887	0.245924574	0.051965789	4.732432225	2.22e-06	8.32e-05
267	RAD51C	881.93366	-0.462652596	0.098017168	-4.720117951	2.36e-06	8.8e-05
268	CEBPB	379.7055007	-1.176960479	0.250389869	-4.700511591	2.6e-06	9.6e-05
269	CCNB2	688.7345257	1.224653029	0.260642947	4.698584957	2.62e-06	9.65e-05
270	SLC27A6	2086.20955	-0.97949432	0.208844186	-4.69007225	2.73e-06	0.000100229
271	LSM1	4399.588321	0.313158706	0.066841275	4.685109689	2.8e-06	0.000102015
272	LMNA	1828.918053	1.55808039	0.333145294	4.676879487	2.91e-06	0.000105503
273	MTF2	5428.567234	-0.186803246	0.039995799	-4.670571653	3e-06	0.000108372
274	HEYL	828.9596627	-3.805672521	0.818615494	-4.648913376	3.34e-06	0.000118703
275	B3GNT2	10497.35292	1.137034662	0.244800104	4.644747457	3.4e-06	0.000120968
276	HES4	867.2238684	0.976385319	0.210453577	4.639433239	3.49e-06	0.00012349
277	TCF20	3399.729279	-1.763061685	0.380136868	-4.637965514	3.52e-06	0.000124212
278	NUDT16L1	25934.14564	0.26565054	0.057297929	4.636302639	3.55e-06	0.000125056
279	SIRT1	17798.12922	-0.209587264	0.045378819	-4.618614391	3.86e-06	0.000134836
280	SPOP	13307.57757	-0.191577123	0.041518906	-4.614214091	3.95e-06	0.000137438
281	CADM2	137.4856167	-2.242942599	0.486692347	-4.608542981	4.06e-06	0.000140476
282	PSMB6	412.7907739	0.368261788	0.080001369	4.603193595	4.16e-06	0.000143598
283	EPHB3	831.2915666	0.919739954	0.199907326	4.600831649	4.21e-06	0.000145056
284	FIGNL1	1234.71903	-0.561366025	0.12215294	-4.595599772	4.32e-06	0.00014856
285	KDM3B	12304.43178	-0.23307048	0.050760463	-4.591575128	4.4e-06	0.000150708
286	SCNN1A	56.24373976	-1.435256766	0.312685728	-4.590093628	4.43e-06	0.000151409
287	BAG3	5449.738631	-0.703951544	0.153823618	-4.576355404	4.73e-06	0.000160512
288	FAM135A	3048.012306	1.174880943	0.257046592	4.570692559	4.86e-06	0.00016431
289	PTBP3	2086.885925	-0.340461388	0.074604219	-4.56356747	5.03e-06	0.000168151
290	MSANTD1	1727.016249	0.572976326	0.125549301	4.563755601	5.02e-06	0.000168151
291	USP35	1811.79994	-0.424328488	0.093001489	-4.562598864	5.05e-06	0.000168395
292	ZFHX4	22762.5686	-0.873807502	0.191519141	-4.562507416	5.05e-06	0.000168395
293	DHX40	1467.815143	-0.54501341	0.119451097	-4.562648843	5.05e-06	0.000168395
294	RPL4	5340.181171	1.091686391	0.239746882	4.553495679	5.28e-06	0.000175356
295	TMTC4	195.4159138	-2.153454429	0.47365886	-4.54642489	5.46e-06	0.00018073
296	WDHD1	259.315404	-0.757089318	0.166585321	-4.544754094	5.5e-06	0.000181923
297	GTPBP4	20921.8815	0.255241091	0.056254809	4.537231455	5.7e-06	0.000186536
298	GSTO1	3090.113935	-0.423429232	0.093377158	-4.534612547	5.77e-06	0.000187981
299	KCNJ3	46.01429033	10.72931712	2.368145962	4.530682351	5.88e-06	0.000191065
300	KCNG2	6045.668723	-0.775336363	0.171126286	-4.530784726	5.88e-06	0.000191065
301	LMAN2	7624.520429	0.232491473	0.051323602	4.529913413	5.9e-06	0.000191538
302	PKN1	514.9577984	0.496905481	0.109736838	4.52815565	5.95e-06	0.000192241
303	TRIP13	425.3047596	-0.495585723	0.109483577	-4.526575928	5.99e-06	0.00019301
304	HSPA2	28126.43701	-0.758229753	0.167605265	-4.523901771	6.07e-06	0.000195015
305	GPR26	2005.817948	0.736191613	0.162725072	4.524143721	6.06e-06	0.000195015
306	MSH6	18383.07975	0.295694055	0.065546547	4.511207183	6.45e-06	0.0002054
307	KDSR	39626.30215	-0.378133813	0.083900195	-4.506947969	6.58e-06	0.000209325
308	GINM1	2145.604018	-0.362162408	0.080436716	-4.502451435	6.72e-06	0.000213299
309	KCNS2	15383.06875	0.827204914	0.183975328	4.496281782	6.92e-06	0.000218599
310	FOXRED1	2512.649399	0.378848373	0.084272851	4.495497307	6.94e-06	0.000219158
311	GRHL1	309.5167105	-0.777795802	0.173360315	-4.486585072	7.24e-06	0.000227491
312	CCT5	38817.17686	0.256226412	0.057152507	4.483205088	7.35e-06	0.000230865
313	RIOX1	986.6339832	0.298954136	0.066739005	4.479451483	7.48e-06	0.000234697
314	B4GALT3	6280.802775	0.352153372	0.07867339	4.476143328	7.6e-06	0.000238093
315	FHL2	592.3223112	1.280539812	0.286248492	4.473525097	7.69e-06	0.000240757
316	KLHL17	1715.08233	0.389606942	0.087154923	4.47028036	7.81e-06	0.000243823
317	NCBP2	12204.21077	-0.188712293	0.042254903	-4.466044918	7.97e-06	0.000247654
318	VBP1	6444.611218	0.306201857	0.068615354	4.462585111	8.1e-06	0.000250677
319	GNAI2	11623.322	0.233719231	0.052528918	4.449344071	8.61e-06	0.000264173
320	DDR2	1554.507212	0.684430819	0.153908092	4.447009979	8.71e-06	0.000266178
321	ACTR6	15314.88424	0.209238864	0.04709611	4.442805619	8.88e-06	0.000271137
322	ENSTGUG00000029476	231.4762055	-0.772719279	0.174024798	-4.440282572	8.98e-06	0.000274034
323	CCN2	652.6420277	0.714131461	0.161192624	4.430298629	9.41e-06	0.000285469
324	EDEM2	78.24995761	10.56592276	2.385245031	4.42970119	9.44e-06	0.000285949
325	TPMT	2423.907074	0.390569853	0.088229551	4.426746469	9.57e-06	0.000289577
326	CLSPN	1325.671313	-0.44584604	0.100795151	-4.423288578	9.72e-06	0.00029348
327	EAF2	1470.069483	0.400304721	0.090522527	4.42215585	9.77e-06	0.000294327
328	KDM3A	1797.074087	0.67864824	0.153546719	4.41981597	9.88e-06	0.000297081
329	EIF3B	12488.40132	0.328640403	0.074388923	4.417867471	9.97e-06	0.000299448
330	SORBS1	7122.74689	0.601911431	0.136630876	4.405383694	1.06e-05	0.000315859
331	TIAM2	123.896498	2.072870399	0.471144715	4.399646928	1.08e-05	0.000323283
332	MED12	8207.901007	-0.25494893	0.058069137	-4.39043771	1.13e-05	0.000335128
333	TDP2	1431.223336	0.677293198	0.154288942	4.389771487	1.13e-05	0.000335798
334	SLC39A8	442.5140859	-0.975102786	0.222230469	-4.387799704	1.15e-05	0.000338137
335	DAPK2	151.1973736	-0.37644225	0.085875869	-4.383562643	1.17e-05	0.000343593
336	URB2	1000.692018	0.411530538	0.093876659	4.383736522	1.17e-05	0.000343593
337	PSMB7	14911.00911	0.224216676	0.05118887	4.380184173	1.19e-05	0.00034759
338	RPP30	2151.856111	0.539204356	0.123170974	4.377690117	1.2e-05	0.000351123
339	RBM47	201.308064	1.123161941	0.256651415	4.376215657	1.21e-05	0.000352861
340	HTRA3	728.0770168	-0.379144455	0.086744053	-4.370840914	1.24e-05	0.000360902
341	ENSTGUG00000028878	36.23405648	-3.158756526	0.723327514	-4.36697964	1.26e-05	0.000366187
342	XKR8	205.1948819	-0.581741417	0.133522044	-4.356894169	1.32e-05	0.000380288
343	MMP13	86.24753312	-1.361502903	0.313633787	-4.341059409	1.42e-05	0.000404981
344	NCOA2	311.7603815	-1.411059262	0.326159989	-4.326279461	1.52e-05	0.000430028
345	VPS54	3139.81653	-0.176369009	0.040813815	-4.32130659	1.55e-05	0.000437459
346	GNB1	24545.92437	-1.440865616	0.333444419	-4.321156789	1.55e-05	0.000437459
347	ENSTGUG00000026082	31.99768371	-1.173083537	0.271590249	-4.319313904	1.57e-05	0.000440307
348	THAP1	4098.680844	-0.275231595	0.063753728	-4.317105928	1.58e-05	0.000443764
349	WDR75	3811.664974	0.314529192	0.073032338	4.306711235	1.66e-05	0.000462795
350	ABTB2	4153.417205	-0.237611883	0.055218696	-4.303105643	1.68e-05	0.000469226
351	MYLIP	2826.036126	0.418010713	0.097393785	4.291964953	1.77e-05	0.000489715
352	TMEM87A	15591.29421	0.136730629	0.031917216	4.28391463	1.84e-05	0.000504774
353	GRP	45.46100643	1.80026612	0.42048628	4.281390871	1.86e-05	0.000509025
354	SKP2	1478.108182	0.205149988	0.047933403	4.279896143	1.87e-05	0.000511951
355	TPRKB	2495.341269	-0.466038039	0.108940543	-4.277911833	1.89e-05	0.000516027
356	ZFYVE28	4291.044625	-0.446191244	0.104392862	-4.274154735	1.92e-05	0.000523775
357	RHOBTB3	2745.481108	-0.272528001	0.063776824	-4.273151013	1.93e-05	0.000525623
358	SINHCAF	109.207673	1.729040018	0.4047855	4.271496922	1.94e-05	0.000528502
359	ZC3H12B	9936.949669	-0.559893702	0.131099744	-4.27074597	1.95e-05	0.000529766
360	HTR2A	21331.58832	0.783331439	0.184140408	4.253989906	2.1e-05	0.000565502
361	NCAPG	894.0974592	-0.452813911	0.106831179	-4.238593214	2.25e-05	0.000598752
362	AKAP7	5904.522357	-0.314095482	0.074117251	-4.23781881	2.26e-05	0.000599673
363	CPED1	350.2371755	-0.590520105	0.139511164	-4.232780289	2.31e-05	0.000611193
364	MAPK8IP1	12573.93812	0.828045333	0.195705703	4.231074119	2.33e-05	0.000614421
365	WDR18	1426.84686	0.276236252	0.065300504	4.230231542	2.33e-05	0.000616142
366	CBX4	24155.50671	0.28738733	0.067964719	4.22847817	2.35e-05	0.00061877
367	KLHL26	2443.46158	-0.646416799	0.152881338	-4.228225676	2.36e-05	0.00061877
368	NEURL1	6214.778745	0.388041931	0.091763302	4.228726781	2.35e-05	0.00061877
369	RUNX1T1	694.6802741	-1.973702261	0.46679391	-4.228209104	2.36e-05	0.00061877
370	PPARGC1B	6586.309867	0.640369333	0.151498564	4.226900341	2.37e-05	0.000621791
371	MYBBP1A	8485.401642	0.541489073	0.128204467	4.223636552	2.4e-05	0.000629681
372	DGKB	11453.50692	1.529854103	0.362561436	4.219572047	2.45e-05	0.000639936
373	WDR17	699.886801	-1.408231175	0.333851629	-4.218134798	2.46e-05	0.000642819
374	UBE2E1	15003.5907	0.468695106	0.111140191	4.217152245	2.47e-05	0.000644416
375	SPNS2	1276.026858	-0.612102333	0.145322745	-4.212020165	2.53e-05	0.000658005
376	CENPX	77.85606574	0.625846772	0.148714993	4.208363647	2.57e-05	0.000667494
377	USP12	16292.64504	0.397423806	0.094505748	4.205287117	2.61e-05	0.000676008
378	FOXI2	40.07876621	1.409233722	0.335254685	4.203472118	2.63e-05	0.000678294
379	PPP2R2A	3728.851363	1.320970257	0.314771372	4.196602279	2.71e-05	0.000697249
380	GPX7	1037.426736	-0.433914359	0.103770998	-4.181460794	2.9e-05	0.000739878
381	RPL12	11227.6375	0.469184957	0.112342372	4.176384635	2.96e-05	0.00075464
382	CIT	2975.997877	2.057704278	0.492857296	4.175050864	2.98e-05	0.000757543
383	FAM8A1	7634.737896	-0.350149897	0.084009443	-4.167982627	3.07e-05	0.000779278
384	GSG1L	3186.442429	0.757255235	0.18222727	4.155553861	3.25e-05	0.000817659
385	BSDC1	9544.281301	-0.423018445	0.101833147	-4.154034875	3.27e-05	0.000822364
386	PPP2R5C	1312.474778	1.063120711	0.256304737	4.147877735	3.36e-05	0.000844026
387	XRN1	3237.062389	1.209117819	0.292351722	4.13583272	3.54e-05	0.000885543
388	PSMB2	6045.318309	0.20275819	0.049042736	4.134316438	3.56e-05	0.000889808
389	EIF3H	687.1221382	1.565047294	0.378662528	4.133092599	3.58e-05	0.000893389
390	DIMT1	1807.201626	0.218027719	0.052757154	4.132666398	3.59e-05	0.000893813
391	BASP1	116928.428	0.401290774	0.097229633	4.127247661	3.67e-05	0.000912003
392	SNX30	128.068173	-2.26932533	0.549844618	-4.127212045	3.67e-05	0.000912003
393	RRAD	813.8131898	1.78321489	0.43259731	4.122112752	3.75e-05	0.000927464
394	RPL7	11346.34146	0.266880555	0.06484202	4.115858103	3.86e-05	0.000948266
395	RPN2	14007.62919	0.150393365	0.036540705	4.115776208	3.86e-05	0.000948266
396	EFNA5	1438.175232	-0.43266068	0.105144654	-4.114908983	3.87e-05	0.000950998
397	ARIH1	51468.01383	0.145857671	0.035464507	4.112778716	3.91e-05	0.000958973
398	RMI1	3801.795016	-0.456160002	0.11092164	-4.112452752	3.91e-05	0.000959465
399	SERPINB1	531.9582548	-0.587487042	0.142862547	-4.112253739	3.92e-05	0.000959465
400	ACO2	118880.4764	0.13583579	0.033084946	4.105667595	4.03e-05	0.000985483
401	CECR2	446.3713223	-0.468458168	0.114190925	-4.10241153	4.09e-05	0.000995958
402	THUMPD1	13348.02201	-0.206736773	0.05046008	-4.097036207	4.18e-05	0.00101669
403	EXOSC9	6637.354406	0.184839668	0.045130761	4.095647042	4.21e-05	0.001021022
404	PDE3B	3261.373684	0.239682674	0.058562961	4.092734927	4.26e-05	0.001033034
405	ANO3	6251.789706	-1.544440461	0.377402324	-4.09229187	4.27e-05	0.001034109
406	FAM76A	3983.14079	0.229318765	0.056046222	4.091600768	4.28e-05	0.001036295
407	RCOR1	8917.702531	-0.314199063	0.076837183	-4.089153831	4.33e-05	0.001044561
408	SHISA5	16.81370141	3.267376112	0.800027681	4.084078824	4.43e-05	0.001065803
409	MED7	6211.670412	0.290632616	0.071202871	4.081754156	4.47e-05	0.001075591
410	SLC35G1	2159.812739	-0.340010353	0.083315218	-4.081011391	4.48e-05	0.001077171
411	LCORL	1085.409151	0.400474225	0.098244383	4.076306591	4.58e-05	0.001097293
412	PWWP2A	3766.700479	0.284046064	0.069721003	4.074038687	4.62e-05	0.001105292
413	PLA2G7	4739.912722	0.915564587	0.224732737	4.074015196	4.62e-05	0.001105292
414	CPLX4	5.196627698	-1.785122962	0.438196618	-4.07379448	4.63e-05	0.00110539
415	P4HA2	3223.950675	-0.590220358	0.145021542	-4.069880586	4.7e-05	0.001121649
416	PRSS35	2221.502898	-0.650885909	0.159966317	-4.068893517	4.72e-05	0.001125032
417	MRPL16	3492.498506	0.400525012	0.09847683	4.067200515	4.76e-05	0.00113033
418	PDE6C	53.88116613	-0.777453644	0.191283041	-4.06441492	4.82e-05	0.001141963
419	LRIT3	382.4747746	-1.293068815	0.318377505	-4.061432712	4.88e-05	0.001155667
420	TTC1	13635.538	0.300108698	0.073955156	4.057982086	4.95e-05	0.001170524
421	MEAF6	10686.92083	-0.164649859	0.040703381	-4.045115001	5.23e-05	0.001226653
422	RAB8B	12300.33097	-0.143006454	0.035357214	-4.044618813	5.24e-05	0.001228218
423	ZSWIM8	13153.97844	-0.206931204	0.051173313	-4.043732785	5.26e-05	0.001231833
424	CBR1	4593.195453	-0.335479543	0.083057947	-4.039102274	5.37e-05	0.001253239
425	NOP53	4122.342152	0.36626554	0.090754706	4.03577465	5.44e-05	0.001268439
426	ZYG11A	6758.172636	-0.552877818	0.137058661	-4.03387727	5.49e-05	0.001276092
427	RAD1	1576.01507	0.191246281	0.047457217	4.029867191	5.58e-05	0.00129481
428	NEUROD6	61.52465101	1.84534364	0.458437435	4.025290038	5.69e-05	0.001315866
429	TMEM43	3032.061168	-0.506986517	0.126017995	-4.023127931	5.74e-05	0.001326907
430	SHISA2	705.1579358	-0.631214464	0.157060168	-4.018934104	5.85e-05	0.001344047
431	CD44	2371.633233	0.480596438	0.119690188	4.015336996	5.94e-05	0.00136246
432	VPS11	3592.752825	0.918418617	0.228782152	4.014380528	5.96e-05	0.001365826
433	PPIG	27590.5461	0.405339419	0.100973962	4.014296486	5.96e-05	0.001365826
434	ESYT3	466.104433	-1.321634447	0.329689527	-4.008724391	6.1e-05	0.001395417
435	SSR1	1990.100778	3.07742114	0.767963193	4.007250828	6.14e-05	0.001402996
436	TMEM100	464.5620033	0.599826904	0.149843847	4.00301324	6.25e-05	0.001424865
437	EIF2B2	9733.266444	0.224156311	0.05602512	4.000996547	6.31e-05	0.001435889
438	tgu-mir-2958	17.41624054	-0.898441078	0.224755401	-3.99741708	6.4e-05	0.001451828
439	CAPN11	9700.701293	0.147065339	0.036789341	3.997498641	6.4e-05	0.001451828
440	DEPTOR	10653.98187	0.320788965	0.080265632	3.99659177	6.43e-05	0.00145571
441	UTP11	12309.19013	0.287040058	0.071879293	3.993362258	6.51e-05	0.001473289
442	KCNJ2	5242.199443	0.605816665	0.151797308	3.990957898	6.58e-05	0.001484686
443	NSUN7	123.8430712	-0.946869941	0.237502954	-3.986771213	6.7e-05	0.00150969
444	WDR43	5930.447182	0.464560816	0.116583985	3.984773854	6.75e-05	0.001517731
445	ENSTGUG00000000619	430.5708516	-0.387051381	0.097153367	-3.983921433	6.78e-05	0.001519506
446	UTP20	9202.204413	0.263884349	0.066267308	3.982119656	6.83e-05	0.001528016
447	RNF180	2562.909991	-0.264094653	0.066370644	-3.979088324	6.92e-05	0.001543264
448	ARHGAP40	549.1763802	-0.74891729	0.188276375	-3.977754987	6.96e-05	0.001549456
449	CHERP	13749.87645	-0.156535628	0.039390116	-3.973982378	7.07e-05	0.001570446
450	EGLN3	265.3335885	0.744565882	0.187419045	3.972733312	7.11e-05	0.001577447
451	AACS	15300.08594	0.34925525	0.087961042	3.970567436	7.17e-05	0.001589452
452	CA7	956.5101346	-0.368904111	0.092910134	-3.970547608	7.17e-05	0.001589452
453	HVCN1	757.7502745	-1.103560235	0.278313643	-3.965167587	7.33e-05	0.001620567
454	BTBD10	5310.741564	0.327539073	0.082603223	3.965209382	7.33e-05	0.001620567
455	RPL32	9242.006148	0.235667828	0.059460144	3.963458736	7.39e-05	0.001627048
456	SLC9A8	5590.713557	-0.211981542	0.053505698	-3.961849827	7.44e-05	0.001635453
457	RNF152	2572.895827	-0.66891406	0.169445842	-3.947656981	7.89e-05	0.001723226
458	RABIF	1982.967867	0.604787037	0.15322709	3.946998118	7.91e-05	0.001726618
459	MBNL2	11932.53527	0.824423994	0.208920468	3.946114052	7.94e-05	0.001730288
460	EIF3I	2539.548756	0.888902265	0.225254836	3.946207244	7.94e-05	0.001730288
461	ENSTGUG00000019373	80.98792303	-1.214045659	0.307824515	-3.943953782	8.01e-05	0.001744592
462	ICE2	1706.610201	-0.415844795	0.105629186	-3.936836128	8.26e-05	0.001785492
463	GTPBP8	430.6492276	-1.339706946	0.340311178	-3.936711548	8.26e-05	0.001785492
464	POLR2D	1716.67906	-0.256227847	0.065105697	-3.935567231	8.3e-05	0.001792629
465	SLMAP	2233.286311	0.738480498	0.187912885	3.929908795	8.5e-05	0.001831077
466	ZNF362	1578.458287	-1.321983341	0.337054295	-3.922167317	8.78e-05	0.001882187
467	FAM117B	2484.800147	-1.145624536	0.292261625	-3.919859596	8.86e-05	0.001894459
468	SCUBE2	1116.464891	-1.006937968	0.257567549	-3.909413166	9.25e-05	0.001969195
469	HNF4A	108.4629049	-1.048897996	0.268492769	-3.906615437	9.36e-05	0.001990602
470	CLCF1	14.66083782	1.309745284	0.335681014	3.901755622	9.55e-05	0.002023268
471	BRCA1	212.4704093	-0.811061379	0.207869157	-3.901787988	9.55e-05	0.002023268
472	DUSP14	14957.63639	0.909442857	0.233542735	3.89411752	9.86e-05	0.00207324
473	PPP3CA	60541.81366	-0.288879526	0.074379153	-3.883877587	0.000102804	0.002133005
474	RAB40C	17906.64574	0.476871756	0.123178174	3.871398152	0.000108213	0.002223239
475	DSEL	1425.496163	1.20780504	0.311979451	3.871424976	0.000108201	0.002223239
476	RASA1	12302.72087	0.151167488	0.039054082	3.870721839	0.000108514	0.002227771
477	SLIRP	6576.026392	0.382086948	0.098731263	3.869969203	0.000108849	0.002233012
478	NSFL1C	11599.14197	0.15870222	0.041144527	3.857189097	0.000114698	0.002334075
479	CACNG3	28439.38764	0.348346454	0.090324855	3.856595762	0.000114977	0.002336656
480	COG7	5788.928064	0.220725945	0.057247285	3.855657842	0.000115419	0.002343592
481	TTR	28.85385495	-1.494595771	0.387825404	-3.853785122	0.000116306	0.002358157
482	FLT1	6259.867403	-0.414710846	0.107668781	-3.851727872	0.000117287	0.002371147
483	PDE12	1526.466637	0.378910727	0.098426788	3.849670731	0.000118277	0.002388914
484	PLEKHJ1	4478.861101	0.169583917	0.044151663	3.840940612	0.000122564	0.002461718
485	FGD5	169.5745206	-1.890779716	0.492300171	-3.840704973	0.000122681	0.002462304
486	CWC22	8936.160334	0.19422076	0.050727757	3.828688148	0.000128828	0.002574526
487	RECK	861.3994581	-0.309159837	0.080775619	-3.827390487	0.000129509	0.002582567
488	SAP30L	43782.80731	0.267986435	0.070051051	3.825587625	0.000130461	0.002597817
489	FBXO8	3930.062239	-0.190012291	0.04971398	-3.822109798	0.000132315	0.002627217
490	TFAP2B	130.6817152	-0.608817113	0.159479674	-3.81752168	0.000134799	0.002670824
491	RCOR3	4902.926879	-0.372253017	0.097551782	-3.815953002	0.000135658	0.002684028
492	TARBP1	1532.452689	-0.493044744	0.129533984	-3.806296467	0.000141063	0.002783048
493	PSAT1	5700.025326	0.698235823	0.183471552	3.80568986	0.000141409	0.002785927
494	NTRK2	26465.21101	1.942715269	0.511841129	3.795543501	0.00014732	0.002879942
495	ADAMTS20	308.9353975	-0.473447579	0.124771141	-3.794527922	0.000147925	0.002889724
496	MAN2A1	1487.709166	-0.227775702	0.060057518	-3.792625957	0.000149063	0.002904639
497	NME2	7013.86202	0.369622911	0.097687087	3.783743814	0.000154487	0.002998964
498	IFITM10	141.265238	0.560711053	0.148263371	3.781858258	0.000155662	0.003015463
499	NPRL2	865.9495329	-0.64577406	0.17083994	-3.779994648	0.000156832	0.003033898
500	ERCC6L	551.9121005	-0.532900271	0.141200135	-3.774077628	0.000160601	0.003100341
501	ROS1	233.6593608	1.118552235	0.296400281	3.773789385	0.000160787	0.003101775
502	GRPR	124.3880374	-0.547244624	0.145274476	-3.766970215	0.000165241	0.003178884
503	UBQLN1	2158.576577	1.069680144	0.284039479	3.765955869	0.000165913	0.003187411
504	LONP1	21729.77873	0.174604712	0.046396535	3.763313615	0.000167677	0.003216849
505	SACM1L	15180.66199	-0.166646074	0.044329742	-3.759238537	0.000170431	0.003262944
506	ENDOV	1129.210076	-0.805847122	0.214459734	-3.75756841	0.000171572	0.003280277
507	UBFD1	10340.78961	-0.174891978	0.046546975	-3.757322079	0.000171741	0.003281251
508	PSPC1	1353.344099	0.904442623	0.240774005	3.756396467	0.000172378	0.003288888
509	EPS8L2	8556.688659	0.820176307	0.218580236	3.752289417	0.000175227	0.003331828
510	LRRC47	6203.327949	0.846708754	0.225709054	3.751328262	0.0001759	0.003342344
511	RER1	5419.283437	0.697791984	0.186156248	3.748420977	0.000177951	0.003374405
512	KHDRBS1	7965.171306	0.860808493	0.229804254	3.745833591	0.000179796	0.003397798
513	FKBP11	1205.405747	0.32140513	0.085828362	3.744742663	0.000180579	0.003410278
514	PRKCZ	2898.483985	-0.504713139	0.134889457	-3.741679679	0.000182794	0.003445105
515	INHBA	27.28623163	1.278055025	0.342106869	3.735835617	0.000187093	0.003502388
516	HSD17B12	8379.931097	0.479202238	0.128400853	3.732079865	0.000189905	0.003547874
517	PIGC	362.6394741	0.421525168	0.112990311	3.730631085	0.000191001	0.003562119
518	ZNF341	1304.435901	-0.246099258	0.065984969	-3.729626026	0.000191764	0.003568225
519	PCOLCE2	466.286535	1.332637597	0.357540547	3.727234875	0.000193592	0.003597424
520	ARHGAP26	12098.0519	0.453716516	0.12174164	3.726880267	0.000193864	0.003600082
521	PSMA5	8643.681865	0.169579534	0.045547538	3.72313287	0.000196766	0.00364423
522	CEBPZ	20070.51925	0.255911493	0.068765512	3.721509295	0.000198036	0.003660637
523	CCDC86	3909.652834	0.330289543	0.088758532	3.721214596	0.000198267	0.003662276
524	PTPN5	3775.981604	1.142149035	0.307116543	3.718943387	0.000200058	0.003692907
525	CHCHD4	3190.626571	0.285909637	0.076889415	3.718452494	0.000200447	0.003697635
526	STC2	33502.19284	1.067667256	0.287615477	3.712134228	0.000205519	0.003786176
527	GPR52	8083.437828	-0.551708511	0.148751017	-3.708939429	0.000208129	0.003830355
528	PSMA7	11336.24459	0.19309522	0.052069516	3.708412056	0.000208563	0.003830762
529	VLDLR	1359.830457	-1.525580564	0.411636389	-3.7061363	0.000210445	0.003861584
530	MAPKAPK5	3638.491896	0.219809132	0.059363771	3.702748805	0.000213276	0.003904933
531	AASS	136.9462001	-1.155507702	0.312090913	-3.702471472	0.000213509	0.003904933
532	MED31	2843.86889	-0.459277289	0.12426726	-3.695883274	0.000219124	0.003989255
533	LRRC3C	562.3731512	0.489131039	0.132414386	3.693941822	0.000220804	0.004017224
534	KCTD8	8374.027751	0.618895847	0.167566506	3.693434091	0.000221246	0.004022626
535	NEK5	262.2855466	1.277187455	0.346069108	3.690556097	0.000223764	0.004057807
536	AREG	79.88673252	1.421096478	0.385097378	3.690226318	0.000224055	0.004058871
537	DENND6A	33.53478927	-1.303341463	0.353261296	-3.689454455	0.000224735	0.004067463
538	RHOBTB2	12247.36681	0.790686092	0.214443698	3.687150051	0.00022678	0.004101792
539	tgu-mir-24	13.03563235	-0.856696746	0.232472575	-3.685151882	0.000228566	0.004123383
540	ZBTB11	8300.485732	-0.152557194	0.041431785	-3.682129388	0.000231294	0.004161795
541	TMEM179	931.4834056	4.130918475	1.122321148	3.680692003	0.000232602	0.004178488
542	CALCB	56.85804549	1.605768066	0.436277135	3.68061477	0.000232672	0.004178488
543	SOX18	2105.091705	0.387797116	0.105420739	3.678565696	0.000234549	0.004209479
544	ARHGAP28	102.6413405	-0.651578424	0.177186129	-3.677367004	0.000235654	0.004223853
545	OIT3	254.7609645	-0.660355318	0.179600544	-3.676800215	0.000236178	0.004227797
546	NCK2	12110.75791	0.320585676	0.087327872	3.671057921	0.000241549	0.004304547
547	IRAK1BP1	503.1601832	0.544204851	0.14826619	3.67045819	0.000242116	0.004311898
548	GALNT12	224.917431	-1.172162887	0.319390617	-3.669997875	0.000242552	0.004316907
549	MAML2	2485.627098	0.399669042	0.108928698	3.669088594	0.000243417	0.004329518
550	JPH1	8329.114145	-0.47023289	0.128192054	-3.668190605	0.000244273	0.004341973
551	TM2D2	3641.127178	0.268668118	0.073506138	3.655043288	0.000257139	0.004527267
552	ANPEP	221.0471569	0.548594965	0.150174345	3.653053815	0.00025914	0.004556734
553	SAP30	2825.85754	0.24148322	0.066130827	3.651598384	0.000260613	0.004579746
554	DACH2	1904.716119	1.003989492	0.274971905	3.651243902	0.000260973	0.004583178
555	RPS15A	5613.268168	0.342386662	0.093890578	3.646656249	0.000265675	0.004656929
556	BAALC	2242.254238	0.692990172	0.190074625	3.645884716	0.000266473	0.004667983
557	PNO1	2343.288384	0.420632428	0.115402699	3.644909787	0.000267486	0.004679821
558	AMOTL2	618.1560011	0.405408044	0.111414413	3.638739675	0.000273976	0.004776823
559	HHAT	1860.527297	-0.350769943	0.096619256	-3.630435153	0.000282944	0.004907064
560	GLT8D1	957.4250188	-1.126100903	0.310256837	-3.629576432	0.000283887	0.004914225
561	STIL	507.7532448	-0.742066027	0.204463131	-3.629339056	0.000284148	0.004915138
562	HMGCL	21.78953033	2.463574517	0.678818887	3.629207382	0.000284293	0.004915138
563	PSMD2	47128.3252	0.272107045	0.075003158	3.627941159	0.00028569	0.004934038
564	DNAJC1	2374.449487	0.299269363	0.082505829	3.627251144	0.000286455	0.004943297
565	PLPP6	1655.499142	0.247208997	0.068186681	3.625473406	0.000288433	0.004974344
566	PLK4	793.0068422	-0.348789573	0.096232521	-3.624445957	0.000289582	0.004991066
567	IRS1	1321.141444	-0.351236345	0.096977944	-3.621816772	0.000292541	0.005035838
568	PPM1G	12500.11087	0.274405168	0.075832459	3.618571419	0.000296234	0.005089951
569	BOC	545.1206457	1.362935993	0.377772819	3.607819102	0.000308782	0.005285962
570	ACBD3	29476.26448	0.5091097	0.141213915	3.60523749	0.000311868	0.005328225
571	MRPL2	4418.10103	0.26437243	0.073334981	3.60499761	0.000312156	0.005328225
572	STX6	1269.056765	0.960276476	0.2667315	3.600161495	0.00031802	0.005414118
573	TOB2	13028.42385	0.213946062	0.059469347	3.597585538	0.000321185	0.005457985
574	MEIOC	40.26622412	-1.447526016	0.402413914	-3.597107273	0.000321776	0.005464688
575	TAC1	132342.3308	1.065486681	0.296249129	3.596590092	0.000322416	0.005472219
576	RARRES1	320.5258397	0.830398878	0.231001762	3.594772911	0.000324675	0.005503839
577	MIER3	8147.069428	-0.103553345	0.028813171	-3.593958617	0.000325692	0.005511003
578	CEP192	1564.498687	-0.358080546	0.099786202	-3.58847756	0.000332615	0.005600892
579	FAM234B	1966.832836	-0.563072078	0.157477456	-3.5755726	0.000349462	0.005849181
580	NCBP1	19967.26593	0.143233458	0.040079316	3.573750101	0.000351905	0.005872398
581	CRH	710.210394	0.673661135	0.188496016	3.573874654	0.000351737	0.005872398
582	GREM2	144.425881	1.704559834	0.477166481	3.572253922	0.000353922	0.005898983
583	CACNG5	2504.942821	0.459952892	0.128770297	3.571886538	0.000354419	0.005903729
584	HGFAC	503.5172301	0.620547319	0.173738769	3.571726242	0.000354636	0.005903809
585	NRN1	4265.20857	0.574430293	0.160865491	3.57087333	0.000355793	0.005915988
586	HMGA2	377.6204772	-0.469221722	0.131451662	-3.569538153	0.000357611	0.005942668
587	KDM5B	13444.818	-0.209751858	0.058774544	-3.568753468	0.000358684	0.005956934
588	NINJ1	3438.313128	-0.240586535	0.06747101	-3.565776405	0.000362781	0.006007042
589	ENPP6	5462.702216	0.344621112	0.096942735	3.554893654	0.000378132	0.006231562
590	TMEM199	172.3851213	1.101675674	0.310104957	3.552589695	0.000381459	0.00627895
591	CKB	124839.8585	-0.477358141	0.134544833	-3.547948518	0.000388244	0.006386857
592	MRPS7	3440.497507	0.251700653	0.070975992	3.54627876	0.000390713	0.006416083
593	SORBS2	6156.190291	0.578986908	0.16335071	3.544440712	0.000393447	0.006453366
594	CACNA1B	53.98738023	-1.901118964	0.536491182	-3.543616422	0.000394679	0.006465949
595	SEC11A	1458.794795	1.469054165	0.414674496	3.542668237	0.000396101	0.006473989
596	POLE	4949.863176	-0.197605371	0.055842225	-3.538637163	0.000402198	0.006550557
597	MAPRE1	16562.64046	0.36039605	0.101885565	3.537263118	0.000404297	0.006573188
598	CBX8	2228.17201	-0.290570261	0.082170713	-3.536177917	0.000405961	0.006592544
599	REELD1	59.17184943	-0.90192564	0.255203624	-3.534141197	0.000409102	0.006629231
600	CEBPB	83.53992244	-1.039345465	0.294081853	-3.534204689	0.000409004	0.006629231
601	NFAT5	1654.213236	-1.902553306	0.538540023	-3.532798354	0.000411186	0.006657958
602	FHL1	417.1611451	0.61293343	0.173523817	3.532272627	0.000412004	0.006667328
603	BAIAP2	2835.102827	1.257897593	0.356674342	3.526739791	0.00042071	0.006776671
604	METTL8	124.4506202	-1.448172497	0.410605429	-3.526919992	0.000420424	0.006776671
605	RIPK4	106.3174405	0.864693314	0.245225822	3.526110367	0.000421711	0.00678494
606	SLC19A3	543.796701	-0.48470302	0.137518325	-3.524643126	0.000424054	0.006818685
607	KCMF1	7981.314564	0.242839087	0.068904965	3.524261065	0.000424666	0.00682064
608	KLF12	110.7850554	0.797834058	0.226374553	3.524398152	0.000424446	0.00682064
609	LEMD3	7116.136796	0.287321267	0.081534976	3.523902041	0.000425241	0.006825947
610	ZFPM2	1778.838502	-0.937775329	0.266161212	-3.523335802	0.000426151	0.006836394
611	RELT	1335.87018	1.126943322	0.319864375	3.52319111	0.000426384	0.006836394
612	RPS13	4070.813082	0.270484169	0.076818518	3.521080299	0.000429792	0.006873068
613	CUL4B	29470.59949	-0.115783334	0.032898077	-3.519455971	0.000432433	0.00690552
614	FBXW7	1888.033773	0.526930667	0.149756564	3.518581456	0.000433861	0.006924346
615	FAM221A	3137.956495	-0.415017587	0.118130132	-3.513223772	0.000442704	0.007045282
616	XPA	12935.37372	0.257458998	0.073326353	3.511138756	0.000446191	0.007092659
617	RASL12	104.0069662	-1.206390191	0.343698588	-3.510023702	0.000448067	0.00711028
618	FUT10	2432.093186	0.488827142	0.139295007	3.509294074	0.000449298	0.007125751
619	UFC1	3081.590692	0.339411533	0.096737967	3.508565928	0.00045053	0.007133085
620	SCPEP1	1403.606714	-0.257779875	0.073479653	-3.50818036	0.000451183	0.007139369
621	GAS2	248.1971646	-0.830642367	0.23684154	-3.507165028	0.000452908	0.007162592
622	PSMD14	24158.35628	0.150529265	0.042943136	3.505316071	0.000456066	0.007204333
623	ISOC1	4387.586228	-0.432605535	0.123468676	-3.503767493	0.000458726	0.007242242
624	MDGA2	16068.60392	0.603296967	0.172232885	3.502797777	0.000460399	0.007264535
625	STEAP2	341.4613162	3.023026189	0.863439138	3.501145657	0.000463263	0.007303469
626	STOX2	1102.432863	-1.829621454	0.522966079	-3.498547089	0.0004678	0.007359598
627	CABLES2	2473.045103	0.282924385	0.080926568	3.496063045	0.000472177	0.007412541
628	PGRMC2	6775.158372	0.402368764	0.115136523	3.494710051	0.000474577	0.007441817
629	SNAPC3	1234.775412	-0.410586995	0.117544941	-3.493021413	0.000477588	0.007484816
630	TRIM66	602.7001956	-1.219191072	0.349167935	-3.491703987	0.00047995	0.007517592
631	ENSTGUG00000022819	44.64188054	0.567982461	0.162775749	3.489355537	0.000484187	0.007562664
632	UHRF1	190.9101311	-0.700456007	0.200923534	-3.486181993	0.000489968	0.007635808
633	LYSMD3	225.8781766	0.65110361	0.186976783	3.482269828	0.000497182	0.007714933
634	DACT2	10133.63679	0.338826967	0.097396408	3.47884458	0.000503581	0.00779555
635	SNX13	20283.35931	-0.36546654	0.105127024	-3.476428116	0.00050814	0.007857393
636	SUB1	10261.70792	1.38515933	0.398792835	3.473380684	0.000513946	0.007942747
637	RPF1	3886.998659	0.160404953	0.046187166	3.472933398	0.000514803	0.00795045
638	SENP8	1035.885694	0.850706984	0.245015321	3.472056285	0.000516488	0.007968754
639	RPL3	27341.59514	0.244421412	0.07048831	3.46754536	0.000525235	0.008090249
640	NSMAF	3052.5081	-0.211671938	0.061078736	-3.465558606	0.000529131	0.008145751
641	TG	423.2994759	-0.693643642	0.200255756	-3.463788786	0.000532625	0.008190464
642	WRN	3056.554096	0.465013253	0.134302931	3.462420728	0.00053534	0.008227667
643	PHC1	3159.17276	-0.200112687	0.057815032	-3.461257039	0.000537659	0.008249643
644	KIF15	96.01570311	-0.635785167	0.183712739	-3.460757111	0.000538659	0.00825587
645	ZBED4	5883.878514	0.125390923	0.036296522	3.454626403	0.000551056	0.008416706
646	CCR6	421.2313489	-1.004746637	0.290849731	-3.454521463	0.00055127	0.008416706
647	FREM1	121.1363212	-0.726281708	0.210276385	-3.453938537	0.000552463	0.008430293
648	GTF2A1L	97.27486124	-1.712533463	0.496131412	-3.451773911	0.000556914	0.008474966
649	SPTY2D1	12042.77943	0.182683616	0.052922322	3.451919887	0.000556613	0.008474966
650	PAMR1	101.7795084	-0.681845759	0.19754929	-3.451522196	0.000557434	0.008478237
651	UTP6	4844.499571	0.314349812	0.091113747	3.450081037	0.000560418	0.00851196
652	GLRX3	19398.99193	0.223777734	0.06487478	3.449379464	0.000561877	0.008522509
653	CCDC181	405.9318989	-8.473701924	2.458705912	-3.446407268	0.000568093	0.008598055
654	IDH3A	4256.541597	-1.295853064	0.376102695	-3.445476676	0.000570053	0.008618336
655	KCNV2	234.1636776	-1.228014884	0.35649415	-3.444698553	0.000571697	0.008633798
656	GLMN	1661.937166	-0.374620738	0.108788892	-3.443556899	0.000574116	0.008660929
657	RPS8	43507.29235	0.246826677	0.071733819	3.44086906	0.000579849	0.008714339
658	TMEM260	1757.527037	0.287297946	0.083575869	3.437570563	0.000586958	0.008807615
659	PRPF4B	9248.672015	-0.276697334	0.080572686	-3.434133163	0.000594452	0.008904937
660	CLCN4	1007.53444	-0.85758099	0.249905403	-3.431622439	0.000599982	0.008961025
661	RCL1	1783.10533	0.335166991	0.097679637	3.43128825	0.000600722	0.008965066
662	UPF1	23166.29609	-0.518173815	0.151038559	-3.430738602	0.00060194	0.008978432
663	EBI3	13.51477774	2.614145844	0.762182883	3.429814423	0.000603994	0.009004239
664	ENSTGUG00000022881	214.4830998	-0.449188269	0.130982578	-3.429374171	0.000604975	0.009009203
665	CLVS1	14510.7215	0.259262136	0.075635681	3.427775502	0.000608548	0.00904789
666	UTP23	1919.178051	0.272301783	0.079469604	3.426489741	0.000611437	0.009085978
667	NAB2	1577.560823	0.844748542	0.246669772	3.424613137	0.000615675	0.009139199
668	DUSP5	2131.728767	0.899187798	0.262586062	3.424354631	0.000616261	0.009139592
669	DCAF17	481.9406842	-3.608106848	1.053722856	-3.424151643	0.000616722	0.009140102
670	POMP	14772.62065	0.206604927	0.060354544	3.423187612	0.000618913	0.009167697
671	UBALD1	8229.690356	0.199331029	0.058279144	3.420280635	0.000625566	0.009241628
672	UBE2J1	2585.004637	-0.570797002	0.16689458	-3.420105085	0.000625969	0.009242686
673	CYP26C1	7.200227936	-1.73859865	0.508509426	-3.419009683	0.000628495	0.009270133
674	RPL36	9344.379226	0.208024102	0.061060967	3.40682619	0.00065723	0.009622534
675	TTC14	604.8645707	-1.061394057	0.312016229	-3.401727085	0.000669615	0.009762758
676	INTS3	1978.532763	1.352662801	0.397822056	3.400170453	0.000673439	0.009803095
677	PROK2	1575.54388	0.797183738	0.234780863	3.395437466	0.00068519	0.009948133
678	GSDME	179.2684183	1.901438406	0.560916558	3.389877476	0.000699239	0.010130949
679	DEPDC4	1507.113686	-0.219608795	0.064823779	-3.387781445	0.000704604	0.010192756
680	CDC42EP4	2630.95633	0.43166867	0.127470215	3.386427731	0.000708089	0.010212932
681	BAG5	27907.82238	-0.455802275	0.134665943	-3.384688539	0.000712591	0.010260272
682	RPS21	1211.087021	0.320005234	0.094619148	3.382034635	0.000719511	0.01034385
683	SLC10A7	1062.975102	-0.153446049	0.045406094	-3.379415269	0.000726402	0.010410639
684	KIF20A	277.4205248	-0.55961061	0.165676872	-3.377723173	0.000730886	0.01046013
685	KCNC1	17059.60616	-0.371716845	0.110209265	-3.372827538	0.000744005	0.010630068
686	LNX2	1949.153496	0.771069883	0.228651305	3.37225227	0.000745561	0.010646829
687	ADAMTS5	3374.164127	-0.87777329	0.260428778	-3.370492686	0.000750339	0.010687624
688	OSTF1	5634.209833	0.185528536	0.055044253	3.370534175	0.000750226	0.010687624
689	MAPK10	18981.84794	-1.326900776	0.393993375	-3.367825092	0.000757636	0.010780527
690	MKRN2	10035.47517	0.219552055	0.06529087	3.362676219	0.000771908	0.010955586
691	RAB12	10486.04969	0.367483049	0.109293286	3.362357038	0.000772801	0.010962665
692	TRAF4	825.8542016	0.313941936	0.093387658	3.361706923	0.000774623	0.010966138
693	BCOR	1396.38436	0.679849088	0.20222516	3.361842247	0.000774243	0.010966138
694	SMAP2	31794.49266	0.293538391	0.087418325	3.357858775	0.000785487	0.011069244
695	GLI1	115.2584574	0.970833801	0.289086637	3.35827976	0.000784292	0.011069244
696	OSMR	905.3566325	0.372704294	0.110983529	3.358194653	0.000784533	0.011069244
697	TMEM229B	15063.85971	-0.310007142	0.092322545	-3.35787042	0.000785454	0.011069244
698	RAB33A	4098.641762	0.585399327	0.174429832	3.356073448	0.000790576	0.01111842
699	MAT2B	25023.96819	0.284868065	0.084935058	3.353951486	0.000796663	0.011192717
700	IARS2	13787.17232	0.213234848	0.063588674	3.353346357	0.000798407	0.011211557
701	MLXIP	28.31688354	-1.290658934	0.385047709	-3.351945499	0.000802458	0.011251402
702	ANKRD13B	597.666816	0.816674885	0.243930855	3.347976966	0.000814038	0.011373633
703	SLC25A25	27375.3594	0.645607123	0.192890881	3.347006966	0.000816892	0.011402052
704	ARHGEF3	8824.40452	-0.275357368	0.082274494	-3.34681328	0.000817463	0.011404299
705	RXRG	851.7587467	0.706600256	0.211269327	3.344547289	0.00082417	0.01148635
706	TSPAN3	6720.527682	0.22087399	0.066054871	3.343795654	0.000826406	0.011505985
707	ASMT	22.28553797	-1.818298729	0.543849859	-3.343383654	0.000827634	0.011517319
708	UBE3A	23409.35191	0.329750721	0.098634611	3.343154263	0.000828318	0.011517524
709	DCAF13	18357.91244	0.190748091	0.05707378	3.342131744	0.000831376	0.011546288
710	CCNE2	139.2753565	-0.740958139	0.222207792	-3.334528148	0.000854443	0.011784275
711	SCYL3	1401.228861	-0.723092625	0.21697099	-3.332669612	0.00086017	0.011857391
712	PPRC1	403.0206015	1.096596937	0.32913884	3.331715388	0.000863125	0.011886339
713	HECTD2	3052.247378	1.106521597	0.33226776	3.330210543	0.000867803	0.011927151
714	ACACA	38672.24289	0.611051735	0.183476029	3.330417264	0.000867159	0.011927151
715	GHR	9.871296883	-3.534710637	1.061887935	-3.328704018	0.000872511	0.011950519
716	TAF7	14022.15326	-0.224306848	0.067429221	-3.326552567	0.000879274	0.012037231
717	OTUD1	3371.694361	-0.204883053	0.061651685	-3.323235267	0.000889798	0.012163347
718	HSPA12B	200.9632282	0.644681539	0.194101866	3.321356729	0.00089581	0.012233496
719	VCAN	995.3141235	-0.420440327	0.126586472	-3.321368546	0.000895772	0.012233496
720	SUN2	25228.83674	-0.212872541	0.064130053	-3.319388175	0.000902149	0.012314028
721	ASAP1	10999.43071	1.200288266	0.361945794	3.316210008	0.000912472	0.012430536
722	NOL9	3437.193123	0.333901383	0.10076975	3.313508085	0.000921334	0.0125292
723	DMD	402.4354961	0.614507519	0.185508663	3.312554291	0.000924482	0.012557244
724	TRNP1	193.3295451	1.43976459	0.434919352	3.310417398	0.000931569	0.012626862
725	SHROOM4	1243.557511	0.319450432	0.096562999	3.308207446	0.000938952	0.012699091
726	SOCS5	6173.567854	0.196951431	0.059567658	3.3063484	0.000945205	0.012770135
727	MARCHF8	1572.152316	-0.31831474	0.096408631	-3.301724495	0.000960924	0.012957336
728	CYB561D2	1451.098628	0.243454767	0.073774522	3.299984326	0.000966902	0.013031632
729	NME7	2424.776865	-0.640821253	0.194278835	-3.298461471	0.000972162	0.013083507
730	tgu-mir-26-2	3107.540704	-0.392328763	0.11922099	-3.290769213	0.000999138	0.013388263
731	TMED2	17838.04384	0.114696178	0.034892322	3.287146651	0.001012081	0.01354864
732	TNFAIP8	946.4257178	-0.89407224	0.27201699	-3.286824993	0.001013238	0.013556645
733	PLEKHH3	1297.01076	0.219834911	0.066899505	3.286046914	0.001016041	0.013568999
734	ARPP19	139354.7888	0.601207881	0.183042005	3.284535042	0.001021508	0.013628925
735	OTUD6B	30677.04125	0.169238747	0.05158217	3.280954407	0.001034565	0.013752653
736	RPL23A	8881.429241	0.843467865	0.257053962	3.281287164	0.001033345	0.013752653
737	LURAP1	32747.40796	0.351353522	0.107128384	3.279742561	0.001039019	0.013802969
738	IAH1	426.4780073	0.592176943	0.180631056	3.278378355	0.001044054	0.013856623
739	GHITM	3051.570667	-1.827986791	0.557639435	-3.2780802	0.001045157	0.013858044
740	GADD45G	712.4177911	-0.526037693	0.160527081	-3.276940497	0.001049385	0.013907473
741	HMG20B	79.31830847	1.807757798	0.551683142	3.276804492	0.00104989	0.013907548
742	ATP5MF	7249.351105	0.296184771	0.090404483	3.276217756	0.001052074	0.013929842
743	SH3BGRL	17415.23747	-0.213414846	0.065152542	-3.275618123	0.00105431	0.013939544
744	LEP	42.44163571	0.640870784	0.19573026	3.274255006	0.00105941	0.013993664
745	PEX10	1132.341659	0.581869549	0.177775003	3.2730673	0.001063871	0.01404593
746	ETS1	176.673944	2.334530632	0.713591832	3.271520957	0.001069707	0.01411627
747	SARNP	3008.854172	0.232018543	0.070929334	3.271122519	0.001071215	0.014122776
748	EIF4G2	14122.30213	-0.982129996	0.300398381	-3.26942507	0.001077663	0.014167924
749	CEP350	1543.52477	-0.842907383	0.257876022	-3.26865358	0.001080605	0.014192764
750	CSMD3	17.32597361	-1.215020166	0.371834708	-3.267635165	0.001084501	0.01423049
751	GATAD1	10723.10333	-0.552726645	0.16923337	-3.266061797	0.001090544	0.014282847
752	FLNC	605.5593311	-0.364650477	0.111774547	-3.262374889	0.001104829	0.014442736
753	RILP	35.82014476	-0.887459424	0.27209448	-3.261585553	0.00110791	0.014476204
754	TUT4	7423.27891	-0.589476812	0.180831675	-3.259809505	0.001114871	0.014540237
755	USH1G	18.68516499	1.288308232	0.395386445	3.258352049	0.001120613	0.014601035
756	MYCL	87.52671127	1.135347982	0.348462638	3.258162735	0.001121361	0.01460394
757	HTR7	2164.253559	0.908777343	0.279178707	3.255181427	0.0011332	0.01471678
758	TXNRD3	3284.130869	1.232569917	0.37896409	3.252471536	0.001144061	0.014837052
759	INSM2	82.08620495	-0.971328799	0.298771854	-3.251071962	0.001149708	0.014875611
760	AIP	8056.89355	0.219868709	0.067690439	3.248150134	0.00116158	0.015003834
761	ENSTGUG00000025403	9.809417292	-1.053174767	0.324279502	-3.247737712	0.001163264	0.015016098
762	ABI1	12452.74498	0.299853975	0.092332357	3.247550323	0.001164031	0.01501902
763	PSMB1	10914.81965	0.193096106	0.059564478	3.241799659	0.001187775	0.015268725
764	UBB	5102.394773	2.031102247	0.626686063	3.241020293	0.001191027	0.015298095
765	nat2	320.6021246	-0.568990942	0.175560921	-3.240988596	0.001191159	0.015298095
766	HSD17B7	642.8918501	0.278835351	0.086043184	3.24064427	0.001192599	0.015308366
767	KLHDC10	5853.124904	0.138647023	0.042798728	3.239512686	0.001197341	0.015349144
768	ATP2A2	2216.520799	2.74120106	0.846330234	3.238926073	0.001199807	0.015373663
769	NTSR1	7673.578588	-0.750064782	0.231703861	-3.237169978	0.001207215	0.015440139
770	EDA2R	164.0747981	0.510878042	0.158041218	3.232562041	0.001226855	0.015632824
771	ANXA11	3498.69566	-0.502581767	0.155480158	-3.232449561	0.001227338	0.015632824
772	NRIP3	647.4611211	-0.807474942	0.249937926	-3.23070194	0.001234866	0.015707139
773	PPP1R7	8455.234807	0.482722068	0.14942854	3.230454277	0.001235937	0.015713568
774	CASR	36.90866556	-1.32946557	0.411729924	-3.228974851	0.001242348	0.015787868
775	BNIP3	10236.43677	1.162688782	0.360205989	3.227844111	0.001247269	0.015843167
776	CTNND1	759.9501449	0.937425767	0.29052725	3.226636285	0.001252546	0.015895673
777	HSD11B2	41.74457459	-0.555332117	0.172181114	-3.225278925	0.0012585	0.015942145
778	CLDN23	4.447725519	-2.460799636	0.76325125	-3.224101679	0.001263685	0.015993264
779	NT5C3A	4863.435203	0.39911146	0.123822921	3.223243771	0.001267476	0.016026663
780	GARNL3	33.89416029	-0.599030464	0.185929096	-3.221822055	0.001273782	0.016099079
781	MTMR1	988.9806693	-1.829621309	0.568172517	-3.220186221	0.001281073	0.016176533
782	CDH17	73.62971619	-0.8627149	0.268115459	-3.217699212	0.001292233	0.016280491
783	TRAP1	925.3252077	1.005620236	0.312584389	3.217115988	0.001294862	0.016306239
784	LSM5	3862.011505	0.204922265	0.063702796	3.216848859	0.001296069	0.016314043
785	KRTCAP2	2355.780207	0.210200189	0.065436843	3.212260534	0.001316949	0.016549332
786	ADRA1D	2516.451545	0.267810527	0.083743085	3.1980017	0.001383835	0.017250951
787	GSPT1	14344.72475	0.221983025	0.069435267	3.196978032	0.001388755	0.017292922
788	NTS	445.4073262	0.435106671	0.136151119	3.195762727	0.001394617	0.017358152
789	MYLK	5001.243733	-0.427378115	0.133940184	-3.190813253	0.00141873	0.017595282
790	CARF	1046.112042	-0.675819963	0.211821323	-3.190519033	0.001420175	0.017605358
791	CBLB	1434.435816	-0.246025732	0.077137987	-3.189423811	0.001425567	0.017664332
792	LZTS2	318.0506061	-0.819984078	0.257106031	-3.189283714	0.001426258	0.017665027
793	SLITRK4	7418.47445	0.271583011	0.085184127	3.188188006	0.001431674	0.017716331
794	SDC2	9421.846906	0.458985802	0.143964261	3.188192682	0.001431651	0.017716331
795	DMRTB1	29.92726085	-1.866719759	0.585608245	-3.187659625	0.001434293	0.017735746
796	CGAS	1375.932908	-0.352110227	0.110461998	-3.187614142	0.001434518	0.017735746
797	PARP8	1634.259989	0.807711724	0.253483183	3.186450928	0.001440299	0.017799308
798	KIF20B	2323.077577	-0.338200986	0.106180383	-3.185155081	0.001446765	0.017863336
799	LZTR1	11416.10995	0.233900808	0.073570206	3.179287121	0.001476378	0.018180555
800	CIAO2A	1690.486754	0.353842415	0.11132749	3.178392113	0.001480943	0.018228707
801	PGF	366.9322952	0.341256451	0.10741934	3.17686228	0.001488777	0.018303983
802	ZMIZ2	31.79014355	2.346657999	0.738729891	3.176611678	0.001490064	0.01830857
803	SHROOM3	348.6163099	-0.653157271	0.205757752	-3.17439933	0.00150147	0.018424298
804	CHST1	6908.785769	0.613802549	0.19342499	3.173336334	0.001506978	0.018483741
805	UBXN2A	2593.55722	0.639161021	0.201659615	3.169504328	0.001526992	0.018653166
806	BLCAP	3558.709186	0.175342018	0.055360339	3.167285867	0.00153869	0.018765135
807	ASPH	12036.47388	-0.406838463	0.128450079	-3.167288552	0.001538676	0.018765135
808	SNX3	7638.033651	0.134622388	0.042523905	3.165804896	0.001546545	0.018819679
809	RPL18A	7677.849372	0.209569828	0.066224992	3.164512706	0.001553429	0.018870429
810	NEFH	42717.42384	1.3069394	0.413238964	3.16267224	0.001563282	0.018973554
811	DTWD2	1285.362971	-0.193690507	0.06126115	-3.161718442	0.001568411	0.019010922
812	CHP1	71.07737769	2.045344794	0.647507108	3.158798984	0.001584207	0.019177317
813	SLC35F4	424.1580199	-0.37011697	0.117235269	-3.157044574	0.00159377	0.019284684
814	TMCC3	6376.517199	-0.79004465	0.25035654	-3.1556781	0.001601255	0.019358411
815	SERTAD2	6104.25745	0.950098638	0.301314058	3.153183907	0.001615	0.019482254
816	ZDHHC2	2713.444038	-0.86565402	0.274599239	-3.152426865	0.001619194	0.019524375
817	MGAT4C	11.47733948	3.049896789	0.967883421	3.15109932	0.001626572	0.01957939
818	TNNT2	50.70202686	0.828628122	0.263106238	3.149405075	0.001636032	0.019676244
819	RBP5	421.7371563	0.356959369	0.113626113	3.141525842	0.0016807	0.020100475
820	WSB2	6023.579807	0.192406254	0.061312748	3.138111731	0.0017004	0.020292467
821	ASCC2	70.12417892	1.579496983	0.503493885	3.137072824	0.001706437	0.020338335
822	TRPC6	2798.4271	-0.626392525	0.199710605	-3.136501068	0.001709768	0.020366837
823	PIGP	415.5467875	1.090441763	0.347722524	3.135953775	0.001712962	0.02038917
824	CTCF	5.6102576	-5.294505689	1.689420313	-3.133918568	0.001724887	0.020514284
825	EVC	1862.512824	-0.445294129	0.142265031	-3.130032197	0.001747871	0.020769879
826	NAGK	36.23273255	-0.850851855	0.271946924	-3.128742343	0.001755562	0.020816802
827	DCAF7	26220.01876	-0.20950973	0.066995173	-3.127236214	0.001764581	0.02085472
828	JADE1	613.0320007	-1.729314752	0.554225184	-3.120238491	0.001807047	0.021267159
829	GALNT11	612.115688	-1.144909441	0.367036813	-3.119331362	0.00181262	0.02131169
830	ACSS1	3019.791215	-0.744648118	0.239009607	-3.115557268	0.001835977	0.021513566
831	VGLL3	160.8134353	1.238504369	0.397808851	3.113315265	0.001849983	0.021623035
832	KCNMB4	62.15719307	-1.259637204	0.404586491	-3.113394128	0.001849489	0.021623035
833	FMNL1	2431.9374	0.802474122	0.2580608	3.109632005	0.001873206	0.021866905
834	RPL24	4576.200922	0.404781141	0.130267387	3.107309904	0.001887984	0.022002484
835	AGAP3	19473.97094	0.486964364	0.156807201	3.105497447	0.001899593	0.022109986
836	MSTN	88.59060712	-0.715090753	0.230326746	-3.104679617	0.001904852	0.022152668
837	C1orf146	80.32119927	-0.555070583	0.178848921	-3.10357245	0.001911994	0.022185603
838	ATRN	2054.358105	-2.549341146	0.822165294	-3.10076473	0.001930216	0.022363492
839	DDX51	2119.136717	0.294385153	0.094995406	3.098940934	0.001942137	0.022460174
840	LRRC17	187.7304666	-1.375896042	0.44411941	-3.098031773	0.001948105	0.022505148
841	ATP5F1C	27213.35712	0.154522564	0.049933018	3.09459692	0.001970805	0.022739055
842	FBXO21	35.12631921	-3.355808929	1.085427693	-3.09169275	0.001990187	0.02292465
843	SLC22A16	7.638574291	-5.411465631	1.751010688	-3.090481211	0.001998324	0.022999334
844	ADAMTS2	91.11718845	-1.099028543	0.355838115	-3.088563298	0.002011268	0.023119614
845	TBC1D16	3205.11664	-0.392156147	0.12699484	-3.087969137	0.002015294	0.023146758
846	MED30	3826.255972	0.317391558	0.103040188	3.080269591	0.002068133	0.023714478
847	FAM120A	23084.01836	0.239854643	0.077903651	3.078862669	0.002077924	0.023797343
848	MCM4	2741.335227	-0.245200994	0.079658389	-3.078156572	0.002082854	0.02384397
849	MAD2L1BP	58.19789561	-0.706969389	0.229958072	-3.074340393	0.002109686	0.024101535
850	SPRY4	1802.932345	0.479956428	0.156399975	3.068775616	0.00214938	0.024464294
851	UPP1	592.8494992	-0.563493821	0.183721914	-3.067101849	0.002161452	0.024541743
852	ARFIP2	11139.62406	0.134509195	0.043871341	3.065992357	0.002169489	0.024612901
853	BRAF	13351.67655	0.231719728	0.075602715	3.064965706	0.00217695	0.024677418
854	EVC2	1430.980479	-0.400796122	0.13080367	-3.064104558	0.002183226	0.024738484
855	FAM237B	11.77941079	-1.451577443	0.473823804	-3.063538453	0.002187361	0.024767838
856	ELF1	1480.017776	0.793776936	0.259118469	3.063374603	0.002188559	0.024767838
857	UBTF	1907.111112	0.790703077	0.258210019	3.062247855	0.002196815	0.024831772
858	ANGPTL2	715.7008867	-0.246513035	0.080542626	-3.060653075	0.002208548	0.024934009
859	ALPK3	244.82019	0.901641875	0.294950514	3.056925935	0.002236195	0.02519501
860	ACSS2	9520.348943	-0.230167264	0.075356861	-3.054363741	0.002255384	0.025370111
861	OSBP	17194.16051	0.384208865	0.125797914	3.054175159	0.002256803	0.025375804
862	ADAMTS15	419.3357858	0.371971136	0.121817089	3.053521806	0.002261723	0.025400325
863	PRR5	816.2618078	-0.301282983	0.098666678	-3.053543408	0.00226156	0.025400325
864	TFB2M	2607.555871	0.201997387	0.066147861	3.053725165	0.00226019	0.025400325
865	OTUB1	18465.74363	0.157573314	0.051631612	3.051876697	0.002274155	0.025488494
866	ADAM20	265.5760925	-1.037160166	0.339901588	-3.051354285	0.002278116	0.025512331
867	PALLD	7309.706746	-0.499669177	0.163827389	-3.049973397	0.002288616	0.025568408
868	ASIC5	53.76377412	-1.943339256	0.637268156	-3.049484329	0.002292346	0.025582877
869	FAAP24	38.45919512	-1.227513896	0.403060812	-3.045480631	0.002323087	0.025870154
870	DCX	321.0944807	-2.10724516	0.6920042	-3.045133484	0.002325771	0.025889671
871	CARS1	17726.00246	0.243475407	0.079970925	3.044549073	0.002330294	0.025916705
872	FBXO40	624.5851557	-0.540025826	0.177397239	-3.044161388	0.002333299	0.02593197
873	CBX3	492.8579476	0.409605373	0.134736087	3.040056908	0.002365335	0.026214691
874	SYT4	9073.610038	0.787223433	0.259292216	3.036047299	0.002397018	0.026481428
875	HMGN3	892.8568862	1.392362837	0.458670875	3.035646934	0.002400202	0.026495568
876	CSNK1G1	4537.40609	0.671725898	0.221327588	3.03498495	0.002405477	0.026543259
877	ENSTGUG00000010562	15.80677078	-1.021113384	0.336470491	-3.034778417	0.002407125	0.02655091
878	TRIM24	1455.321532	-0.247081168	0.081426064	-3.034423573	0.002409958	0.026566633
879	EXTL3	801.4154011	1.793856981	0.59120447	3.034241232	0.002411415	0.026566633
880	RPS11	3245.714966	0.288999919	0.09533792	3.031321824	0.002434856	0.026750718
881	RCN2	20505.30887	0.373324512	0.123185441	3.030589556	0.002440768	0.026783938
882	BRINP1	21156.50301	0.407960524	0.13482031	3.02595747	0.002478472	0.027122787
883	RSRP1	10173.36499	-0.437387221	0.14457328	-3.025366931	0.002483317	0.027152725
884	ARHGEF11	89.90507423	-0.817837214	0.270380125	-3.024768233	0.002488237	0.027186875
885	RPL5	58948.73469	0.147539995	0.048820687	3.022079458	0.002510446	0.027375774
886	GMPPB	1553.805626	0.256281911	0.084883286	3.019227044	0.002534205	0.027577159
887	EGFL6	988.9116926	1.112099427	0.368389572	3.018813538	0.002537667	0.027577159
888	ILDR1	135.1296565	-1.326829722	0.439574883	-3.018438436	0.00254081	0.027577159
889	ENSTGUG00000009983	58.55066647	-0.734912231	0.243461808	-3.018593496	0.00253951	0.027577159
890	ASB7	990.6680426	-0.301654359	0.099955248	-3.01789416	0.002545378	0.027594435
891	GSG1	58.93332021	0.640319604	0.212230525	3.017094752	0.0025521	0.027656535
892	SMC2	393.997917	-0.346828164	0.115283973	-3.00846819	0.002625683	0.028321538
893	ESRP2	166.5314428	-0.491004651	0.163347537	-3.005889527	0.002648052	0.028507549
894	POLR1B	453.977038	0.845252366	0.281479486	3.00289154	0.002674277	0.028734277
895	PDIA3	27521.54674	0.180361797	0.060069627	3.002545666	0.002677318	0.028747133
896	PRMT8	12472.32873	0.237993307	0.07932597	3.000194117	0.002698076	0.028934108
897	ZBTB14	35.83456661	3.009654223	1.003960483	2.997781559	0.002719525	0.029127571
898	PDCD5	18546.35334	0.202843896	0.06766664	2.997694242	0.002720304	0.029127571
899	RRAGD	1463.227761	1.586290223	0.529266496	2.997148383	0.00272518	0.029157333
900	CENATAC	1345.972986	0.40858193	0.136376784	2.995978637	0.002735656	0.029256217
901	MGAT2	1211.584934	0.27932495	0.093236309	2.99588169	0.002736526	0.029256217
902	CASK	56349.33273	0.334353193	0.111634336	2.995074852	0.002743775	0.029311188
903	RNF170	8569.868933	-0.347825675	0.116146218	-2.99472236	0.002746948	0.029322558
904	IGF2	161.7703671	0.81335571	0.271587257	2.994822802	0.002746043	0.029322558
905	ENSTGUG00000026506	27.14049148	-0.692454135	0.231244069	-2.994473061	0.002749193	0.029335274
906	RIC1	3088.891592	-0.734108719	0.245178064	-2.994185966	0.002751782	0.029351634
907	SEPTIN2	6834.582758	-0.453660553	0.151566127	-2.993152635	0.002761116	0.029406099
908	AVPR1A	1091.752415	-1.095179019	0.366154769	-2.991027595	0.002780404	0.029577541
909	CNIH1	4158.04843	0.414062722	0.13847191	2.990229017	0.002787684	0.029632332
910	TIMM21	6696.529537	-0.269241328	0.090075807	-2.989052648	0.002798439	0.029712587
911	DIRAS3	68.03936779	0.859085142	0.2876487	2.986577519	0.002821193	0.029908517
912	NDUFB9	21324.13656	0.175959725	0.058950202	2.984887556	0.002836826	0.030051341
913	CDK10	2792.675434	-0.211342398	0.070822002	-2.984134778	0.002843815	0.030105938
914	RIC8B	15125.83581	0.372860747	0.124971545	2.983565156	0.002849114	0.030147069
915	ZNF326	21492.53948	0.412869679	0.13840629	2.983026839	0.00285413	0.030188661
916	CDC42EP3	1732.731429	-0.290572268	0.097500461	-2.980214302	0.002880468	0.030374851
917	ONECUT2	11162.78124	0.353671649	0.118684574	2.979929377	0.002883148	0.030380085
918	UBR2	12207.82523	0.321563335	0.107980228	2.977983473	0.002901516	0.030562052
919	PACRGL	15.8928907	1.605710131	0.5397335	2.975005498	0.002929833	0.030803614
920	DMTF1	7058.037179	-0.235010258	0.079017528	-2.974153505	0.002937981	0.030852678
921	PRDX4	3988.409403	0.307528359	0.103489357	2.971594075	0.002962581	0.031052403
922	ELAVL1	1576.258324	0.879213484	0.295999413	2.970321712	0.00297488	0.031169574
923	JADE2	79222.49354	-0.266440872	0.089739957	-2.969032756	0.002987387	0.031277059
924	GPR21	4504.544459	0.426772349	0.143804091	2.967734421	0.003000034	0.031385841
925	RTTN	919.2021378	-0.32053109	0.108013336	-2.967514038	0.003002186	0.031387222
926	SLC25A28	3179.873163	0.219138644	0.07384647	2.967489759	0.003002423	0.031387222
927	SSB	17921.39391	0.67912604	0.228931536	2.966502789	0.003012076	0.031464491
928	ATP5F1A	105064.2674	0.111325444	0.037535973	2.965833458	0.003018639	0.031509381
929	HR	89.21748779	1.724224193	0.581463658	2.965317214	0.00302371	0.031538641
930	PGBD5	20850.82881	0.988741669	0.333670279	2.963229664	0.003044293	0.031705458
931	PHC3	5711.344621	-0.448054738	0.151249506	-2.962355044	0.003052955	0.031765722
932	CFAP36	9902.593637	0.479499584	0.161982049	2.960201987	0.003074374	0.031935376
933	RHOH	256.3144304	-2.235914609	0.75558969	-2.959165057	0.003084738	0.032019123
934	HROB	620.4009065	-0.868856779	0.29369868	-2.958327154	0.003093137	0.032074962
935	CWF19L1	47.6443869	-2.235780554	0.756003227	-2.957369063	0.003102765	0.032122336
936	KLHL30	76.23986008	-0.831700177	0.281281566	-2.956824325	0.003108252	0.032155203
937	HSPBAP1	737.7490348	-0.838829373	0.284142579	-2.952142465	0.003155773	0.032525858
938	SBF2	9883.009812	-0.412747388	0.139931384	-2.949641284	0.003181431	0.032741783
939	MME	7979.328441	-0.728473878	0.247069169	-2.948461275	0.003193601	0.032818473
940	SPATA5L1	563.5365454	1.089744912	0.369894963	2.94609287	0.003218158	0.033009848
941	ENSTGUG00000019825	64.73423365	-1.13996319	0.387042186	-2.945320254	0.003226205	0.033073933
942	GALK2	1518.421645	0.239077728	0.081215061	2.94376098	0.003242503	0.033173943
943	PFN2	65566.24273	0.304345847	0.103446227	2.942068136	0.003260282	0.033319074
944	ADAMTS6	1508.541644	-0.459265993	0.156127648	-2.941605794	0.003265153	0.033356601
945	CNN1	9.071818047	5.1999814	1.770256927	2.937416214	0.003309596	0.033780664
946	FAAH2	106.9539849	0.961702089	0.327671679	2.934956389	0.003335946	0.033979984
947	SCARF1	274.9422043	0.52862414	0.180213632	2.933319393	0.003353587	0.034097253
948	SSTR5	46.44462939	0.695765016	0.237206099	2.933166634	0.003355238	0.03409982
949	POMT2	125.4554036	-0.966154937	0.329400667	-2.93306916	0.003356291	0.03409982
950	tgu-mir-2994	2.361035771	1.567635701	0.534538123	2.932692045	0.00336037	0.034128799
951	CHEK1	54.99535938	-1.634669238	0.55752539	-2.932008601	0.003367774	0.034166573
952	EGFR	1325.18701	-0.253907227	0.086617832	-2.931350514	0.003374917	0.034214087
953	LRP5	2558.254195	-0.207032945	0.070652226	-2.930310315	0.003386237	0.034269567
954	SNRPC	2463.035244	0.23593164	0.080520887	2.930067572	0.003388883	0.034280708
955	LHFPL5	1106.501591	-0.897783762	0.306493069	-2.92921391	0.003398205	0.034337544
956	CPSF4	4414.61896	0.161848467	0.055257943	2.928962955	0.00340095	0.034340332
957	ALDH7A1	2414.010726	0.37642263	0.128531238	2.928647036	0.003404408	0.034362777
958	CDCP2	201.6753946	1.923783792	0.657043496	2.927939783	0.003412161	0.034416063
959	KCNG3	14115.41431	-0.767923967	0.262371903	-2.926852906	0.003424108	0.03450873
960	RTN1	121051.922	-0.098182265	0.033552062	-2.926266219	0.003430572	0.03452665
961	FBXO3	13076.04668	-0.179994433	0.061546674	-2.924519246	0.003449887	0.034683401
962	TLR3	1152.836422	-0.549170151	0.187849873	-2.923452343	0.003461732	0.034789908
963	KCTD16	4502.348975	0.260885409	0.089349093	2.91984394	0.003502067	0.035093841
964	TAGLN3	5891.961025	-0.541546857	0.185615987	-2.917565798	0.003527752	0.035300363
965	POLK	4847.747631	-0.185614707	0.0636265	-2.91725471	0.003531273	0.035310189
966	CHST8	889.8027889	0.327743527	0.112357182	2.916978885	0.003534397	0.03532873
967	BARX2	730.9635413	0.757366573	0.259819133	2.914976135	0.003557157	0.035467027
968	CACNA1I	104.0645951	0.912090657	0.313066001	2.913413318	0.003575011	0.035588581
969	EIF3D	16914.69927	0.254259211	0.087266039	2.913610076	0.003572759	0.035588581
970	ASB5	4984.359036	-0.331222159	0.113710959	-2.912842891	0.003581547	0.035620839
971	GAL3ST1	1833.77889	0.469608456	0.161236973	2.912535798	0.003585071	0.03564314
972	RPS15	5149.531706	0.266011041	0.091498823	2.907261879	0.003646078	0.036107726
973	tgu-mir-130b	3.422327383	1.186799734	0.408539882	2.904978892	0.003672779	0.036359202
974	NR1H3	760.7535154	-1.18413941	0.407855681	-2.903329447	0.00369218	0.036509247
975	USP39	12806.41761	0.119157549	0.041058418	2.902146579	0.003706151	0.036624406
976	MTERF3	3664.268648	0.403668637	0.139210407	2.899701569	0.003735181	0.036832777
977	PRKAB2	1784.847014	-0.210165119	0.072475671	-2.899802307	0.003733981	0.036832777
978	BCL11B	3328.326753	-1.004695528	0.346469117	-2.899812647	0.003733858	0.036832777
979	DLX2	2014.821415	0.309454391	0.10680071	2.897493766	0.003761572	0.037014296
980	ASPHD2	291.2473054	0.94648493	0.326687092	2.897221694	0.003764836	0.037028892
981	MYL4	91.39922576	1.027961687	0.354849052	2.8968985	0.003768717	0.037032201
982	ATL2	19624.76187	-0.206326017	0.071306311	-2.893516905	0.003809538	0.037367321
983	SPCS3	1816.242329	0.354729554	0.12267293	2.891669364	0.00383201	0.037548028
984	NOP58	9840.759249	0.353247986	0.122173751	2.891357465	0.003835815	0.037572083
985	RPL13A	24738.87353	0.356292337	0.123233765	2.89119087	0.00383785	0.037578774
986	PCMTD1	32266.73183	-0.46055628	0.159418268	-2.888980575	0.003864929	0.037790724
987	KSR2	8762.884996	0.55649044	0.19266555	2.888375422	0.003872374	0.037832063
988	KLHL10	35.58612513	-0.522747194	0.181264787	-2.883887168	0.003927995	0.038246047
989	PPP1R9A	7701.148515	-1.273187498	0.442109147	-2.879803565	0.00397923	0.038636727
990	YARS2	7795.882444	0.198200563	0.068838299	2.879219353	0.003986609	0.038686906
991	TBXT	44.40879808	-0.708882217	0.246467751	-2.876166209	0.004025377	0.038989531
992	USP16	3495.224513	0.665433479	0.231437697	2.875216469	0.004037506	0.039084803
993	YTHDF1	14454.13541	0.265588019	0.092403108	2.874232535	0.004050106	0.039188126
994	LRRC34	15.00889178	-5.705079249	1.985153322	-2.873873361	0.004054715	0.039211324
995	DENND2A	30916.52647	0.810478716	0.282020803	2.873825999	0.004055323	0.039211324
996	TASOR	2294.096848	-0.353433414	0.123035182	-2.872620736	0.004070825	0.039347536
997	PTP4A1	13273.39637	0.37882797	0.131944578	2.871114333	0.004090276	0.039470642
998	ENSTGUG00000022546	22.53987597	-0.574787961	0.200206513	-2.870975331	0.004092075	0.039470642
999	MPP4	87.10069137	-0.774808442	0.269938438	-2.870315346	0.004100626	0.039539418
1000	IDH2	10.64514165	2.078651706	0.724290024	2.869916244	0.004105805	0.039575639
1001	POFUT1	1154.862736	0.722157402	0.251687431	2.869262882	0.004114297	0.039643752
1002	KIF26B	932.0942528	-0.366552549	0.127811417	-2.867917101	0.004131838	0.039785207
1003	SP3	8134.846718	0.097747174	0.034101889	2.866327221	0.004152648	0.039944106
1004	PAM	104.12787	1.15483095	0.402954124	2.865911726	0.004158102	0.039968927
1005	RGS5	884.1396408	-2.047248576	0.714565448	-2.865025984	0.00416975	0.040067051
1006	DDX18	3327.261817	0.892347281	0.311515722	2.864533688	0.004176237	0.040087843
1007	EPHX4	2950.627466	-0.392882248	0.137197089	-2.863633993	0.004188116	0.040160297
1008	SNORD83	7.435642838	-1.762331665	0.615671403	-2.862454965	0.00420373	0.040296127
1009	PATJ	10443.93333	-0.365909665	0.127851107	-2.861998409	0.00420979	0.040340318
1010	GM2A	14533.13641	-0.360024526	0.125838167	-2.861012158	0.004222909	0.040415388
1011	CDHR1	431.4780089	-1.372816847	0.479861002	-2.860863544	0.004224889	0.040415388
1012	PTCH1	3447.579228	-1.189796228	0.415999274	-2.86009208	0.00423518	0.040485994
1013	NFKBID	195.9638075	0.438071162	0.153175817	2.859923786	0.004237428	0.040493569
1014	C2orf49	4917.493137	0.168716227	0.05903671	2.857818924	0.004265637	0.040735153
1015	MRPL39	2841.193612	0.233482037	0.081727957	2.856819693	0.004279088	0.040821564
1016	BCAR3	206.9631148	-1.318621968	0.4619125	-2.854700766	0.00430774	0.041011879
1017	RIT2	1196.539304	-0.317448062	0.111221908	-2.854186452	0.00431472	0.041046168
1018	DUSP13	299.6192705	-0.734675471	0.257507802	-2.853022177	0.00433056	0.04112923
1019	COG4	7321.70432	-0.158349542	0.055532121	-2.851494552	0.004351423	0.041285092
1020	SLC37A1	143.3527858	1.632168533	0.572708897	2.849909512	0.004373167	0.041434862
1021	FAM78B	520.2308125	0.233877955	0.082063864	2.849950567	0.004372602	0.041434862
1022	NRDE2	5330.498956	-0.498506924	0.175045803	-2.847865617	0.004401351	0.041673509
1023	GDF10	852.1400054	0.630826678	0.221524265	2.847664015	0.004404139	0.041685726
1024	PRADC1	1967.086084	0.450928413	0.158467422	2.845559087	0.004433353	0.041947967
1025	SLC9A1	10907.4715	-0.175380673	0.061649922	-2.84478338	0.004444163	0.042002369
1026	G6PC3	383.7478526	-0.638198978	0.22434563	-2.844713211	0.004445143	0.042002369
1027	RNF38	1421.002912	0.348415392	0.122562101	2.842766153	0.004472387	0.042202465
1028	GRTP1	741.1707496	0.343155908	0.120729869	2.842344745	0.004478304	0.042243965
1029	FOXRED2	852.4987973	0.859043995	0.302295315	2.841737709	0.004486839	0.042295793
1030	PSMD5	387.8091011	-2.423455028	0.852787993	-2.841802475	0.004485928	0.042295793
1031	SRM	10661.24699	-0.21167704	0.074531046	-2.840118991	0.004509671	0.042480568
1032	HPF1	4606.107793	1.256105541	0.442287029	2.840023464	0.004511022	0.042480568
1033	RAP1GAP2	4760.986932	-0.767714036	0.270483575	-2.838301871	0.004535427	0.042659574
1034	CXCR4	203.1009809	0.643141887	0.226751312	2.836331492	0.004563505	0.042812675
1035	ALAS1	10574.0128	0.224783493	0.079268296	2.835730119	0.004572106	0.042867157
1036	CLNK	46.3037506	-0.458606508	0.162019852	-2.8305575	0.004646696	0.043396112
1037	ENSTGUG00000027760	41.47811468	-0.878984785	0.310602878	-2.829931228	0.004655801	0.043461434
1038	DNAJC25	1794.261342	0.314541077	0.111179218	2.829135541	0.004667393	0.043542251
1039	ZDHHC17	20403.32512	0.261346729	0.092377325	2.829122079	0.004667589	0.043542251
1040	ADAR	3776.621107	-0.413077952	0.146019867	-2.828916093	0.004670594	0.043555679
1041	GUK1	4597.478702	0.244127953	0.086329905	2.827849194	0.004686188	0.043671815
1042	RNF208	780.7713793	0.530206083	0.187520788	2.827452307	0.004692	0.043682084
1043	MINDY3	9664.850378	0.200990687	0.071089707	2.827282524	0.004694489	0.043690631
1044	GALNT14	1059.904926	-0.238338748	0.084423576	-2.823130202	0.004755725	0.044120884
1045	ARMC3	252.5410917	0.757649906	0.268518923	2.821588506	0.004778645	0.044266515
1046	NEU4	110.2227916	-1.376311026	0.488315374	-2.81848801	0.004825041	0.044636847
1047	PPP2R3A	1007.634786	-0.389784229	0.138317253	-2.818044888	0.004831705	0.044669659
1048	ZNF518B	417.0919154	-1.298813083	0.460892576	-2.818038627	0.0048318	0.044669659
1049	SVIL	963.4889979	-0.297345818	0.105571891	-2.816524502	0.004854634	0.044836059
1050	MEOX2	189.876927	0.43233876	0.153604716	2.814619052	0.004883509	0.045087767
1051	SYT9	4167.122825	-0.84408221	0.299905311	-2.814495709	0.004885383	0.045090107
1052	SNAI1	46.28204305	0.869898709	0.309153198	2.813811127	0.004895798	0.045110734
1053	KNTC1	111.4458116	-0.505557357	0.179746491	-2.812613226	0.004914072	0.045223448
1054	SLC17A9	344.0045432	0.36675734	0.130408505	2.812372861	0.004917746	0.045223755
1055	CD34	946.9071699	0.453933027	0.161484594	2.810998975	0.004938794	0.045387308
1056	TOLLIP	41368.39944	0.308763649	0.109890819	2.809731064	0.004958291	0.04550635
1057	ASTE1	512.2836236	0.408809519	0.145553509	2.808654509	0.0049749	0.045613638
1058	TFCP2	284.8487724	-0.585905724	0.208651049	-2.808065079	0.004984015	0.045682155
1059	HMGN1	7828.282682	0.442513471	0.15759867	2.807850294	0.004987341	0.045682529
1060	SMAD3	1126.954286	-1.150431501	0.410820723	-2.800324906	0.005105119	0.046565083
1061	TMEM63B	7839.564179	-1.095887255	0.391677883	-2.797929887	0.005143128	0.046785979
1062	SPHK1	416.1949954	0.631639888	0.22591418	2.795928476	0.005175085	0.047015193
1063	ATF3	1074.658375	0.343309961	0.122836759	2.794847112	0.005192426	0.047126564
1064	TRMT1L	7845.834443	0.338998243	0.121350533	2.793545554	0.005213369	0.04728578
1065	CENPL	436.5412679	-0.448270234	0.160542844	-2.792215598	0.005234846	0.047357059
1066	BANP	1088.02743	-0.21120241	0.075676734	-2.79084997	0.005256983	0.04749357
1067	SPRED1	23279.54463	0.698694785	0.250350929	2.790861558	0.005256795	0.04749357
1068	PSAP	72399.24527	-0.815873218	0.292538662	-2.788941508	0.005288061	0.047698863
1069	USP54	2651.531311	1.165566801	0.417967543	2.788653857	0.00529276	0.047707742
1070	DDX47	10525.15733	0.253789695	0.091023266	2.788184907	0.005300428	0.047733023
1071	S1PR3	1060.097523	0.326376965	0.1170775	2.787700157	0.005308365	0.047754439
1072	SNW1	14311.80594	0.157156293	0.056390349	2.786935981	0.005320899	0.047824481
1073	SLC12A1	78.11111916	0.99570885	0.357265579	2.7870271	0.005319403	0.047824481
1074	ATXN10	216.843178	0.578775229	0.207756917	2.785828931	0.005339104	0.047941638
1075	NCOA7	25133.51558	-0.39335238	0.141300668	-2.783797035	0.005372664	0.048196316
1076	BRPF1	2991.06213	0.819542675	0.294472079	2.783091284	0.005384365	0.048270151
1077	RND2	3382.629098	-0.502892758	0.180792592	-2.78160047	0.005409158	0.04844558
1078	ENSTGUG00000004820	14.74298931	1.088956876	0.391590576	2.780855674	0.005421583	0.048541232
1079	CCDC137	4366.023246	0.314525494	0.11319525	2.778610357	0.005459197	0.04881515
1080	FAM43A	13447.99042	-0.641140835	0.230877831	-2.776970114	0.005486822	0.048967733
1081	TMEM233	39.93019501	0.832271167	0.299810408	2.775991576	0.005503363	0.049083862
1082	LSM14A	12949.70544	-0.352411165	0.12697761	-2.775380361	0.005513718	0.049148088
1083	C20orf85	148.7416387	-0.61091584	0.220121459	-2.775357951	0.005514098	0.049148088
1084	CFAP65	946.2618448	-0.329682067	0.118802436	-2.775044658	0.005519413	0.049179701
1085	NCOA6	1612.044543	-1.321952859	0.476477978	-2.774425933	0.005529922	0.0492418
1086	LIN28A	23.05896348	1.292099022	0.465709287	2.774475532	0.005529079	0.0492418
1087	NOL6	756.9111541	0.453214772	0.163499709	2.771960727	0.005571976	0.049568668
1088	LFNG	260.8779063	0.879672324	0.317545498	2.770224515	0.005601766	0.049725259
1089	ZBTB43	15064.28822	-0.117131	0.042282572	-2.770195731	0.005602262	0.049725259
1090	JHY	703.7028754	-0.627761531	0.226620387	-2.770101754	0.005603878	0.049725259
1091	KDF1	2843.024252	0.955308073	0.34491965	2.769653953	0.005611588	0.049777789
1092	MON2	10757.92301	-0.387930253	0.140079352	-2.76936071	0.005616641	0.049806736
